x						y1						y2						y3						y4						y5						y6						y7						y8						y9						y10						y11						y12						y13						y14						y15						y16						y17						y18	
-1.000000000000000000e+02 4.920000000000000762e-03 4.486329739214021430e-03 5.353670260785978359e-03 6.920000000000000803e-03 6.406200998390109216e-03 7.433799001609890655e-03 8.160000000000000586e-02 7.990328418489271722e-02 8.329671581510729450e-02 1.363800000000000012e-01 1.342529153196726222e-01 1.385070846803273803e-01 1.250000000000000026e-03 1.031006364328542054e-03 1.468993635671457998e-03 1.520000000000000084e-03 1.278543128053978486e-03 1.761456871946021682e-03
-9.900000000000000000e+01 5.580000000000000758e-03 5.118310374590802000e-03 6.041689625409197781e-03 7.180000000000000618e-03 6.656706221029947031e-03 7.703293778970052470e-03 8.254000000000000226e-02 8.083441293922827287e-02 8.424558706077173165e-02 1.398500000000000021e-01 1.377003565923016204e-01 1.419996434076983838e-01 1.370000000000000124e-03 1.140749295523647367e-03 1.599250704476352447e-03 1.560000000000000189e-03 1.315391594868516381e-03 1.804608405131483562e-03
-9.800000000000000000e+01 6.290000000000000452e-03 5.799991917196887017e-03 6.780008082803112152e-03 7.530000000000000235e-03 6.994198070669949141e-03 8.065801929330051329e-03 8.372000000000000275e-02 8.200336957943112071e-02 8.543663042056888479e-02 1.428900000000000170e-01 1.407209613528628278e-01 1.450590386471371507e-01 1.450000000000000117e-03 1.214160253077731233e-03 1.685839746922268567e-03 1.710000000000000148e-03 1.453920680771574785e-03 1.966079319228424861e-03
-9.700000000000000000e+01 7.120000000000000460e-03 6.598881526394406380e-03 7.641118473605592806e-03 7.960000000000000062e-03 7.409231344069835620e-03 8.510768655930164503e-03 8.506000000000001060e-02 8.333095184971757441e-02 8.678904815028241904e-02 1.460600000000000231e-01 1.438710924575467287e-01 1.482489075424532621e-01 1.670000000000000043e-03 1.416928413565367740e-03 1.923071586434632347e-03 1.800000000000000168e-03 1.537280005506425420e-03 2.062719994493574481e-03
-9.600000000000000000e+01 7.870000000000000259e-03 7.322328995947098573e-03 8.417671004052901945e-03 8.219999999999999876e-03 7.660382002791854723e-03 8.779617997208144162e-03 8.683000000000000440e-02 8.508474532826641734e-02 8.857525467173359146e-02 1.488400000000000001e-01 1.466339592795936342e-01 1.510460407204063660e-01 1.820000000000000220e-03 1.555827128465740294e-03 2.084172871534259713e-03 1.860000000000000108e-03 1.592945258503897883e-03 2.127054741496102550e-03
-9.500000000000000000e+01 8.720000000000000320e-03 8.143758535559429343e-03 9.296241464440571298e-03 8.580000000000000820e-03 8.008362682180145478e-03 9.151637317819856163e-03 8.875000000000000944e-02 8.698741105233173676e-02 9.051258894766825436e-02 1.516900000000000193e-01 1.494666703487047832e-01 1.539133296512951998e-01 2.020000000000000094e-03 1.741718269927216168e-03 2.298281730072784020e-03 1.920000000000000265e-03 1.648680266439462314e-03 2.191319733560537567e-03
-9.400000000000000000e+01 9.440000000000000474e-03 8.840658319131826370e-03 1.003934168086817458e-02 8.899999999999999925e-03 8.317894326165854030e-03 9.482105673834145820e-03 9.116000000000000492e-02 8.937600363235206902e-02 9.294399636764794082e-02 1.549000000000000099e-01 1.526575237571666521e-01 1.571424762428333677e-01 2.139999999999999975e-03 1.853588939957441940e-03 2.426411060042558011e-03 2.020000000000000094e-03 1.741718269927216168e-03 2.298281730072784020e-03
-9.300000000000000000e+01 1.001000000000000154e-02 9.393006578340022325e-03 1.062699342165997728e-02 9.300000000000000974e-03 8.705077154085897120e-03 9.894922845914101359e-03 9.445000000000000617e-02 9.263738616864136688e-02 9.626261383135864547e-02 1.578700000000000103e-01 1.556101091437176176e-01 1.601298908562824030e-01 2.280000000000000342e-03 1.984389501680858345e-03 2.575610498319141472e-03 2.120000000000000356e-03 1.834927594331758807e-03 2.405072405668241039e-03
-9.200000000000000000e+01 1.060000000000000005e-02 9.965272994222992842e-03 1.123472700577700725e-02 9.630000000000001406e-03 9.024714914599940574e-03 1.023528508540005877e-02 9.851000000000001422e-02 9.666299229420807770e-02 1.003570077057919230e-01 1.606100000000000028e-01 1.583342933554315879e-01 1.628857066445684176e-01 2.460000000000000381e-03 2.152970005916225553e-03 2.767029994083774341e-03 2.220000000000000185e-03 1.928296274684586191e-03 2.511703725315414179e-03
-9.100000000000000000e+01 1.124000000000000173e-02 1.058660366961011561e-02 1.189339633038988438e-02 1.002000000000000113e-02 9.402701584473328530e-03 1.063729841552667026e-02 1.036700000000000121e-01 1.017806665812109324e-01 1.055593334187890642e-01 1.635100000000000164e-01 1.612178099287848998e-01 1.658021900712150776e-01 2.580000000000000262e-03 2.265589544211761303e-03 2.894410455788238353e-03 2.309999999999999987e-03 2.012455524880895491e-03 2.607544475119104484e-03
-9.000000000000000000e+01 1.181000000000000105e-02 1.114043419309393781e-02 1.247956580690606082e-02 1.034000000000000023e-02 9.713023347075128502e-03 1.096697665292487196e-02 1.099000000000000116e-01 1.079614976235677426e-01 1.118385023764322528e-01 1.663000000000000034e-01 1.639921949657985600e-01 1.686078050342014467e-01 2.730000000000000222e-03 2.406603145159847898e-03 3.053396854840151678e-03 2.440000000000000328e-03 2.134217577135983854e-03 2.745782422864015936e-03
-8.900000000000000000e+01 1.253000000000000121e-02 1.184057729562237697e-02 1.321942270437762197e-02 1.073000000000000169e-02 1.009143461688100443e-02 1.136856538311899548e-02 1.169700000000000045e-01 1.149780746197617831e-01 1.189619253802382259e-01 1.689700000000000091e-01 1.666474704727604339e-01 1.712925295272395843e-01 2.910000000000000260e-03 2.576142016558231797e-03 3.243857983441767855e-03 2.600000000000000314e-03 2.284376416087504150e-03 2.915623583912495612e-03
-8.800000000000000000e+01 1.331000000000000065e-02 1.259972344090168686e-02 1.402027655909831444e-02 1.118000000000000070e-02 1.052833017211274487e-02 1.183166982788725653e-02 1.256900000000000239e-01 1.236353815815714463e-01 1.277446184184285460e-01 1.718200000000000005e-01 1.694819848685537589e-01 1.741580151314462421e-01 3.140000000000000430e-03 2.793239197001866521e-03 3.486760802998133471e-03 2.760000000000000300e-03 2.434835985256620424e-03 3.085164014743379309e-03
-8.700000000000000000e+01 1.438000000000000042e-02 1.364212586382080282e-02 1.511787413617919802e-02 1.156000000000000083e-02 1.089747516276170537e-02 1.222252483723829629e-02 1.360999999999999988e-01 1.339747555504027243e-01 1.382252444495972732e-01 1.747500000000000164e-01 1.723963089835575668e-01 1.771036910164424105e-01 3.360000000000000139e-03 3.001336744228933536e-03 3.718663255771066743e-03 2.900000000000000234e-03 2.566714478092267920e-03 3.233285521907731681e-03
-8.600000000000000000e+01 1.556000000000000091e-02 1.479290789454153036e-02 1.632709210545846626e-02 1.193000000000000137e-02 1.125708196272969842e-02 1.260291803727030084e-02 1.478100000000000247e-01 1.456102758826486321e-01 1.500097241173513618e-01 1.772200000000000164e-01 1.748532830543761130e-01 1.795867169456238643e-01 3.680000000000000111e-03 3.304706169938526495e-03 4.055293830061473294e-03 3.000000000000000062e-03 2.661033875841609456e-03 3.338966124158390669e-03
-8.500000000000000000e+01 1.685000000000000039e-02 1.605226630673715904e-02 1.764773369326284175e-02 1.226000000000000180e-02 1.157795245997164831e-02 1.294204754002835182e-02 1.615700000000000192e-01 1.592888079034714688e-01 1.638511920965285140e-01 1.796400000000000219e-01 1.772606854937417153e-01 1.820193145062582729e-01 3.970000000000000438e-03 3.580255895877453454e-03 4.359744104122546121e-03 3.220000000000000206e-03 2.868863735552726075e-03 3.571136264447274337e-03
-8.400000000000000000e+01 1.812000000000000069e-02 1.729328390148757860e-02 1.894671609851242278e-02 1.264000000000000019e-02 1.194759627994662621e-02 1.333240372005337418e-02 1.767600000000000282e-01 1.743956959864988998e-01 1.791243040135011011e-01 1.821100000000000219e-01 1.797179930489919142e-01 1.845020069510080740e-01 4.260000000000000765e-03 3.856330564470598563e-03 4.663669435529401233e-03 3.320000000000000468e-03 2.963470882128832386e-03 3.676529117871167682e-03
-8.300000000000000000e+01 1.952000000000000263e-02 1.866255283784412286e-02 2.037744716215587545e-02 1.304000000000000124e-02 1.233686832515063989e-02 1.374313167484935913e-02 1.915900000000000103e-01 1.891507835048560904e-01 1.940292164951439302e-01 1.845100000000000073e-01 1.821058178666790928e-01 1.869141821333209219e-01 4.590000000000000330e-03 4.171056522327823597e-03 5.008943477672177062e-03 3.520000000000000125e-03 3.152925922496951656e-03 3.887074077503048595e-03
-8.200000000000000000e+01 2.096000000000000293e-02 2.007214110892379180e-02 2.184785889107620713e-02 1.345000000000000188e-02 1.273604837955204933e-02 1.416395162044795097e-02 2.074400000000000133e-01 2.049268962518199511e-01 2.099531037481800755e-01 1.873200000000000143e-01 1.849017569319141296e-01 1.897382430680858434e-01 4.950000000000000407e-03 4.515016140326082519e-03 5.384983859673918294e-03 3.650000000000000466e-03 3.276233403573903386e-03 4.023766596426096680e-03
-8.100000000000000000e+01 2.237000000000000099e-02 2.145342429170090867e-02 2.328657570829909332e-02 1.375000000000000180e-02 1.302823976989406912e-02 1.447176023010593102e-02 2.219100000000000239e-01 2.193345599522415479e-01 2.244854400477584444e-01 1.898100000000000065e-01 1.873794695023944246e-01 1.922405304976055884e-01 5.330000000000000536e-03 4.878714681218095962e-03 5.781285318781903375e-03 3.880000000000000202e-03 3.494681568483638118e-03 4.265318431516362287e-03
-8.000000000000000000e+01 2.355000000000000149e-02 2.261012834619963857e-02 2.448987165380036440e-02 1.416000000000000071e-02 1.342771028345804245e-02 1.489228971654195897e-02 2.351000000000000312e-01 2.324716891005948471e-01 2.377283108994051597e-01 1.923400000000000110e-01 1.898971478418251257e-01 1.947828521581748962e-01 5.700000000000000205e-03 5.233400532781357258e-03 6.166599467218643153e-03 4.060000000000000241e-03 3.665880706620427802e-03 4.454119293379572679e-03
-7.900000000000000000e+01 2.457000000000000156e-02 2.361049172728720350e-02 2.552950827271279963e-02 1.455000000000000043e-02 1.380784112613867194e-02 1.529215887386132892e-02 2.454900000000000138e-01 2.428225425896878564e-01 2.481574574103121711e-01 1.944300000000000195e-01 1.919770913692994130e-01 1.968829086307005705e-01 6.000000000000000125e-03 5.521351272783268059e-03 6.478648727216732191e-03 4.300000000000000003e-03 3.894447976760192793e-03 4.705552023239807646e-03
-7.800000000000000000e+01 2.520000000000000365e-02 2.422858205559090886e-02 2.617141794440909150e-02 1.491000000000000138e-02 1.415885311952393318e-02 1.566114688047606784e-02 2.529399999999999982e-01 2.502457704824697649e-01 2.556342295175302315e-01 1.966600000000000292e-01 1.941964816338083155e-01 1.991235183661916874e-01 6.220000000000000702e-03 5.732708978440204280e-03 6.707291021559795390e-03 4.520000000000000580e-03 4.104248736270746205e-03 4.935751263729253220e-03
-7.700000000000000000e+01 2.573000000000000287e-02 2.474868678123055138e-02 2.671131321876944742e-02 1.536000000000000212e-02 1.459777632126206537e-02 1.612222367873793541e-02 2.575800000000000312e-01 2.548696274399706585e-01 2.602903725600292928e-01 1.987600000000000200e-01 1.962866026212486958e-01 2.012333973787512886e-01 6.440000000000000412e-03 5.944221060565051638e-03 6.935778939434949185e-03 4.760000000000000342e-03 4.333405277234607042e-03 5.186594722765393642e-03
-7.600000000000000000e+01 2.597000000000000350e-02 2.498424217665247762e-02 2.695575782334752243e-02 1.577000000000000277e-02 1.499783122267215815e-02 1.654216877732784044e-02 2.600999999999999979e-01 2.573810277149070624e-01 2.628189722850929333e-01 2.013300000000000090e-01 1.988446587753520400e-01 2.038153412246479779e-01 6.630000000000000476e-03 6.127008813596433907e-03 7.132991186403565310e-03 4.990000000000000512e-03 4.553270944331814021e-03 5.426729055668185267e-03
-7.500000000000000000e+01 2.608000000000000249e-02 2.509221249842446752e-02 2.706778750157553051e-02 1.616000000000000075e-02 1.537849635654200790e-02 1.694150364345799187e-02 2.610000000000000098e-01 2.582779846879992292e-01 2.637220153120007904e-01 2.036700000000000177e-01 2.011739219495185527e-01 2.061660780504814272e-01 6.810000000000000948e-03 6.300272791676640033e-03 7.319727208323360129e-03 5.220000000000000681e-03 4.773371055153233754e-03 5.666628944846765874e-03
-7.400000000000000000e+01 2.614000000000000351e-02 2.515110735518284041e-02 2.712889264481715967e-02 1.665000000000000160e-02 1.585693411026171951e-02 1.744306588973828370e-02 2.613300000000000067e-01 2.586068726264528772e-01 2.640531273735471363e-01 2.055500000000000105e-01 2.030453899651869232e-01 2.080546100348130978e-01 6.960000000000000908e-03 6.444728547458501537e-03 7.475271452541498544e-03 5.510000000000000141e-03 5.051199269528889799e-03 5.968800730471110483e-03
-7.300000000000000000e+01 2.615000000000000310e-02 2.516092329828906876e-02 2.713907670171093051e-02 1.708000000000000143e-02 1.627693423865198691e-02 1.788306576134801595e-02 2.613900000000000112e-01 2.586666706472699473e-01 2.641133293527300752e-01 2.076600000000000112e-01 2.051459129765463851e-01 2.101740870234536374e-01 7.070000000000000763e-03 6.550701444953859268e-03 7.589298555046140524e-03 5.830000000000000113e-03 5.358140508573409899e-03 6.301859491426590326e-03
-7.200000000000000000e+01 2.618000000000000188e-02 2.519037135628986526e-02 2.716962864371013156e-02 1.741000000000000186e-02 1.659934951561159097e-02 1.822065048438840582e-02 2.613900000000000112e-01 2.586666706472699473e-01 2.641133293527300752e-01 2.098800000000000110e-01 2.073560534920442233e-01 2.124039465079557987e-01 7.210000000000000263e-03 6.685622051209971599e-03 7.734377948790028927e-03 6.040000000000000230e-03 5.559768090263886298e-03 6.520231909736114162e-03
-7.100000000000000000e+01 2.620000000000000107e-02 2.521000358531301500e-02 2.718999641468698714e-02 1.791000000000000231e-02 1.708800054725389400e-02 1.873199945274610367e-02 2.614000000000000212e-01 2.586766369904661134e-01 2.641233630095339291e-01 2.119500000000000273e-01 2.094169620983250268e-01 2.144830379016749722e-01 7.440000000000000432e-03 6.907385551726325477e-03 7.972614448273676255e-03 6.420000000000000359e-03 5.924986520127795142e-03 6.915013479872205576e-03
-7.000000000000000000e+01 2.622000000000000372e-02 2.522963596642297662e-02 2.721036403357702388e-02 1.840000000000000316e-02 1.756703974883288763e-02 1.923296025116711175e-02 2.614000000000000212e-01 2.586766369904661134e-01 2.641233630095339291e-01 2.138300000000000201e-01 2.112887894912027498e-01 2.163712105087972348e-01 7.690000000000000654e-03 7.148579189186715296e-03 8.231420810813284278e-03 6.770000000000000843e-03 6.261761758442792314e-03 7.278238241557207638e-03
-6.900000000000000000e+01 2.626000000000000209e-02 2.526890118422648462e-02 2.725109881577351262e-02 1.892000000000000279e-02 1.807557541661353184e-02 1.976442458338646679e-02 2.614000000000000212e-01 2.586766369904661134e-01 2.641233630095339291e-01 2.157500000000000251e-01 2.132005250044609057e-01 2.182994749955390890e-01 7.980000000000000981e-03 7.428545416603924909e-03 8.531454583396073585e-03 7.110000000000000868e-03 6.589244986536992900e-03 7.630755013463007101e-03
-6.800000000000000000e+01 2.630000000000000046e-02 2.530816700834984459e-02 2.729183299165015633e-02 1.976000000000000326e-02 1.889740334161736299e-02 2.062259665838263659e-02 2.614000000000000212e-01 2.586766369904661134e-01 2.641233630095339291e-01 2.177700000000000191e-01 2.152119186551924024e-01 2.203280813448075803e-01 8.310000000000001413e-03 7.747352271527730740e-03 8.872647728472269485e-03 7.670000000000000602e-03 7.129278256790914231e-03 8.210721743209085238e-03
-6.700000000000000000e+01 2.635000000000000189e-02 2.535725013909213149e-02 2.734274986090786536e-02 2.045000000000000290e-02 1.957278095551490821e-02 2.132721904448509065e-02 2.614000000000000212e-01 2.586766369904661134e-01 2.641233630095339291e-01 2.194900000000000184e-01 2.169246613989017081e-01 2.220553386010982733e-01 8.600000000000000006e-03 8.027702598611605872e-03 9.172297401388394139e-03 8.089999999999999969e-03 7.534788457627429603e-03 8.645211542372570335e-03
-6.600000000000000000e+01 2.641000000000000292e-02 2.541615114005972911e-02 2.740384885994026978e-02 2.104000000000000314e-02 2.015048468000643286e-02 2.192951531999356649e-02 2.614100000000000312e-01 2.586866033354887073e-01 2.641333966645112441e-01 2.211200000000000110e-01 2.185478435547628384e-01 2.236921564452371836e-01 8.910000000000001252e-03 8.327570330637409229e-03 9.492429669362589806e-03 8.590000000000000413e-03 8.018032541815923314e-03 9.161967458184077512e-03
-6.500000000000000000e+01 2.645000000000000129e-02 2.545541922594112688e-02 2.744458077405887569e-02 2.167000000000000176e-02 2.076755606145070168e-02 2.257244393854929490e-02 2.614200000000000412e-01 2.586965696823377847e-01 2.641434303176621867e-01 2.230000000000000315e-01 2.204200515289632401e-01 2.255799484710367675e-01 9.220000000000000764e-03 8.627617572350540845e-03 9.812382427649460684e-03 9.000000000000001055e-03 8.414662736349623473e-03 9.585337263650375167e-03
-6.400000000000000000e+01 2.649000000000000313e-02 2.549468791179658467e-02 2.748531208820341465e-02 2.246000000000000080e-02 2.154162461343763976e-02 2.337837538656236183e-02 2.614200000000000412e-01 2.586965696823377847e-01 2.641434303176621867e-01 2.244500000000000106e-01 2.218640936240382222e-01 2.270359063759617990e-01 9.550000000000001196e-03 8.947209977773895942e-03 1.015279002222610298e-02 9.470000000000000986e-03 8.869715821067882325e-03 1.007028417893211618e-02
-6.300000000000000000e+01 2.658000000000000293e-02 2.558304464178940557e-02 2.757695535821059335e-02 2.340000000000000066e-02 2.246305439212095689e-02 2.433694560787904443e-02 2.614200000000000412e-01 2.586965696823377847e-01 2.641434303176621867e-01 2.261700000000000099e-01 2.235770844556047021e-01 2.287629155443953177e-01 9.980000000000001023e-03 9.363922503288726884e-03 1.059607749671127169e-02 1.019000000000000114e-02 9.567540497055255708e-03 1.081245950294474310e-02
-6.200000000000000000e+01 2.664000000000000049e-02 2.564195080477254737e-02 2.763804919522745360e-02 2.432000000000000134e-02 2.336526338676212997e-02 2.527473661323787271e-02 2.614299999999999957e-01 2.587065360310131790e-01 2.641534639689868125e-01 2.277200000000000057e-01 2.251208216998340506e-01 2.303191783001659609e-01 1.034000000000000023e-02 9.713023347075128502e-03 1.096697665292487196e-02 1.081000000000000016e-02 1.016908446769011244e-02 1.145091553230988789e-02
-6.100000000000000000e+01 2.671000000000000110e-02 2.571067634972998284e-02 2.770932365027001937e-02 2.532000000000000223e-02 2.434633183850693980e-02 2.629366816149305772e-02 2.614500000000000157e-01 2.587264687338428071e-01 2.641735312661572244e-01 2.293000000000000316e-01 2.266944896787848329e-01 2.319055103212151747e-01 1.077000000000000006e-02 1.013025841506094878e-02 1.140974158493905134e-02 1.138000000000000123e-02 1.072259361457466448e-02 1.203740638542533450e-02
-6.000000000000000000e+01 2.680000000000000090e-02 2.579904042533563355e-02 2.780095957466436826e-02 2.649000000000000313e-02 2.549468791179658467e-02 2.748531208820341465e-02 2.614700000000000357e-01 2.587464014439769810e-01 2.641935985560229794e-01 2.309000000000000219e-01 2.282881305649972770e-01 2.335118694350027113e-01 1.126000000000000091e-02 1.060602922866047543e-02 1.191397077133952292e-02 1.209000000000000179e-02 1.141263939880486980e-02 1.276736060119513030e-02
-5.900000000000000000e+01 2.708000000000000337e-02 2.607396987273407490e-02 2.808603012726592491e-02 2.778000000000000261e-02 2.676141685086821237e-02 2.879858314913178591e-02 2.614900000000000002e-01 2.587663341614152013e-01 2.642136658385847992e-01 2.325900000000000190e-01 2.299714713051760617e-01 2.352085286948239207e-01 1.176000000000000136e-02 1.109183616383433227e-02 1.242816383616566697e-02 1.285000000000000031e-02 1.215194244820502409e-02 1.354805755179497653e-02
-5.800000000000000000e+01 2.734000000000000319e-02 2.632928694764090360e-02 2.835071305235909583e-02 2.917000000000000148e-02 2.812699137525468199e-02 3.021300862474532098e-02 2.615200000000000302e-01 2.587962332512663832e-01 2.642437667487335662e-01 2.344200000000000172e-01 2.317943265572770528e-01 2.370456734427229262e-01 1.239000000000000171e-02 1.170439104164420346e-02 1.307560895835579648e-02 1.375000000000000180e-02 1.302823976989406912e-02 1.447176023010593102e-02
-5.700000000000000000e+01 2.771000000000000199e-02 2.669266435022372291e-02 2.872733564977627413e-02 3.070000000000000159e-02 2.963083093352176720e-02 3.176916906647823252e-02 2.615399999999999947e-01 2.588161659869623876e-01 2.642638340130376018e-01 2.358000000000000096e-01 2.331689838854605901e-01 2.384310161145394291e-01 1.293000000000000052e-02 1.222980125219489886e-02 1.363019874780510218e-02 1.454000000000000084e-02 1.379809244310847317e-02 1.528190755689152851e-02
-5.600000000000000000e+01 2.802000000000000324e-02 2.699715265816465815e-02 2.904284734183534139e-02 3.252000000000000030e-02 3.142062879546277110e-02 3.361937120453722949e-02 2.615600000000000147e-01 2.588360987299604954e-01 2.642839012700395340e-01 2.373500000000000332e-01 2.347130290445378076e-01 2.399869709554622033e-01 1.364000000000000108e-02 1.292109252029721191e-02 1.435890747970278679e-02 1.568000000000000296e-02 1.491000257128139057e-02 1.644999742871860668e-02
-5.500000000000000000e+01 2.835000000000000367e-02 2.732132176712218086e-02 2.937867823287781954e-02 3.462000000000000494e-02 3.348691948470085278e-02 3.575308051529914322e-02 2.615900000000000447e-01 2.588659978581479559e-01 2.643140021418520225e-01 2.389300000000000312e-01 2.362870086963431704e-01 2.415729913036568366e-01 1.433000000000000072e-02 1.359339111085107119e-02 1.506660888914893026e-02 1.685999999999999999e-02 1.606203368386180733e-02 1.765796631613819265e-02
-5.400000000000000000e+01 2.883000000000000146e-02 2.779290619181185029e-02 2.986709380818815263e-02 3.717000000000000165e-02 3.599748291837796127e-02 3.834251708162204203e-02 2.616200000000000192e-01 2.588958970027622208e-01 2.643441029972378176e-01 2.408300000000000163e-01 2.381798350690180754e-01 2.434801649309819016e-01 1.495000000000000148e-02 1.419786149068602392e-02 1.570213850931397731e-02 1.813000000000000028e-02 1.730306002144445243e-02 1.895693997855554813e-02
-5.300000000000000000e+01 2.958000000000000212e-02 2.852990873679259187e-02 3.063009126320740544e-02 3.970000000000000612e-02 3.848982881232096420e-02 4.091017118767903415e-02 2.616800000000000237e-01 2.589556953412638363e-01 2.644043046587362111e-01 2.426200000000000301e-01 2.399631422260836144e-01 2.452768577739163902e-01 1.578000000000000236e-02 1.500759036336962726e-02 1.655240963663037052e-02 1.951000000000000303e-02 1.865276812750523913e-02 2.036723187249476000e-02
-5.200000000000000000e+01 3.028000000000000136e-02 2.921793963225514240e-02 3.134206036774486032e-02 4.265000000000000041e-02 4.139760022886085356e-02 4.390239977113914727e-02 2.617400000000000282e-01 2.590154937454505757e-01 2.644645062545493697e-01 2.447500000000000231e-01 2.420852602016949628e-01 2.474147397983050278e-01 1.650000000000000078e-02 1.571045434978388458e-02 1.728954565021611697e-02 2.103000000000000008e-02 2.014069154977676801e-02 2.191930845022323215e-02
-5.100000000000000000e+01 3.136000000000000593e-02 3.027976730527011037e-02 3.244023269472988413e-02 4.608000000000000290e-02 4.478054781592111233e-02 4.737945218407889347e-02 2.618400000000000172e-01 2.591151578983563186e-01 2.645648421016437157e-01 2.472200000000000231e-01 2.445462307265041935e-01 2.498937692734957972e-01 1.732000000000000206e-02 1.651141050750155187e-02 1.812858949249844531e-02 2.280000000000000082e-02 2.187486045831736267e-02 2.372513954168263897e-02
-5.000000000000000000e+01 3.260000000000000397e-02 3.149932289576666544e-02 3.370067710423332863e-02 4.960000000000000520e-02 4.825431893015428436e-02 5.094568106984571215e-02 2.619200000000000417e-01 2.591948893519768760e-01 2.646451106480230964e-01 2.498700000000000088e-01 2.471866741361956332e-01 2.525533258638043566e-01 1.806000000000000313e-02 1.723462855474927613e-02 1.888537144525072320e-02 2.471000000000000280e-02 2.374783102428611181e-02 2.567216897571388684e-02
-4.900000000000000000e+01 3.389000000000000346e-02 3.276850545847548313e-02 3.501149454152452378e-02 5.295000000000000401e-02 5.156207011395918388e-02 5.433792988604081026e-02 2.621200000000000196e-01 2.593942184963849984e-01 2.648457815036150409e-01 2.528100000000000347e-01 2.501162285806322605e-01 2.555037714193676979e-01 1.890000000000000013e-02 1.805601324533036289e-02 1.974398675466963737e-02 2.656000000000000374e-02 2.556340955175908855e-02 2.755659044824091200e-02
-4.800000000000000000e+01 3.553000000000000602e-02 3.438266549055699756e-02 3.667733450944300061e-02 5.631000000000000588e-02 5.488125234307403982e-02 5.773874765692595806e-02 2.622600000000000486e-01 2.595337493310497234e-01 2.649862506689502628e-01 2.558600000000000319e-01 2.531555645892987760e-01 2.585644354107011766e-01 1.993000000000000327e-02 1.906377584869904315e-02 2.079622415130095645e-02 2.833000000000000101e-02 2.730167409747216722e-02 2.935832590252783481e-02
-4.700000000000000000e+01 3.767000000000000209e-02 3.648992960934178964e-02 3.885007039065821455e-02 5.961000000000000326e-02 5.814255560741130729e-02 6.107744439258869923e-02 2.624700000000000366e-01 2.597430462520914363e-01 2.651969537479085259e-01 2.598500000000000254e-01 2.571318756363373814e-01 2.625681243636626694e-01 2.119000000000000050e-02 2.029738790310387300e-02 2.208261209689612800e-02 3.009000000000000216e-02 2.903117325315888661e-02 3.114882674684111077e-02
-4.600000000000000000e+01 4.031000000000000555e-02 3.909095433389013496e-02 4.152904566610986226e-02 6.310999999999999943e-02 6.160290203698046141e-02 6.461709796301953745e-02 2.627500000000000391e-01 2.600221100613980818e-01 2.654778899386018853e-01 2.640600000000000169e-01 2.613277489299468126e-01 2.667922510700532213e-01 2.250000000000000264e-02 2.158082599613761129e-02 2.341917400386238704e-02 3.208000000000000435e-02 3.098784317847216169e-02 3.317215682152783313e-02
-4.500000000000000000e+01 4.321000000000000535e-02 4.194977370235304648e-02 4.447022629764695034e-02 6.642000000000000681e-02 6.487661847834956530e-02 6.796338152165044832e-02 2.630399999999999960e-01 2.603111419373905222e-01 2.657688580626094699e-01 2.689300000000000024e-01 2.661818071948259257e-01 2.716781928051740791e-01 2.397000000000000172e-02 2.302198831286366917e-02 2.491801168713633427e-02 3.400000000000000244e-02 3.287675081345732553e-02 3.512324918654267936e-02
-4.400000000000000000e+01 4.663000000000000478e-02 4.532319273679656646e-02 4.793680726320342922e-02 7.022000000000000464e-02 6.863631572809017478e-02 7.180368427190983449e-02 2.635399999999999965e-01 2.608094763427058482e-01 2.662705236572941447e-01 2.748800000000000132e-01 2.721129015950231045e-01 2.776470984049769219e-01 2.589000000000000329e-02 2.490572123172454799e-02 2.687427876827545165e-02 3.599000000000000116e-02 3.483553762386396024e-02 3.714446237613604207e-02
-4.300000000000000000e+01 5.065000000000000752e-02 4.929090131198383962e-02 5.200909868801616154e-02 7.398000000000000409e-02 7.235775875951092062e-02 7.560224124048908756e-02 2.641900000000000359e-01 2.614573178413021615e-01 2.669226821586977993e-01 2.816800000000000415e-01 2.788920493862357963e-01 2.844679506137641756e-01 2.809000000000000385e-02 2.706591268687869728e-02 2.911408731312130349e-02 3.797999999999999987e-02 3.679527481265187916e-02 3.916472518734812058e-02
-4.200000000000000000e+01 5.524000000000000438e-02 5.382408991619647837e-02 5.665591008380351651e-02 7.840000000000001135e-02 7.673399095316534024e-02 8.006600904683465469e-02 2.649400000000000088e-01 2.622048367528926338e-01 2.676751632471073838e-01 2.893200000000000216e-01 2.865095596888544982e-01 2.921304403111455450e-01 3.081000000000000405e-02 2.973897797386261532e-02 3.188102202613738584e-02 4.056000000000000577e-02 3.933733923912807739e-02 4.178266076087192027e-02
-4.100000000000000000e+01 6.054000000000000353e-02 5.906188424489368372e-02 6.201811575510630947e-02 8.292000000000000759e-02 8.121084539732650875e-02 8.462915460267347867e-02 2.657599999999999962e-01 2.630221357008338812e-01 2.684978642991661113e-01 2.983400000000000496e-01 2.955042548806973146e-01 3.011757451193026736e-01 3.376000000000000528e-02 3.264058321108785632e-02 3.487941678891214037e-02 4.327000000000000290e-02 4.200893859350225690e-02 4.453106140649774891e-02
-4.000000000000000000e+01 6.636000000000000232e-02 6.481726616442726185e-02 6.790273383557274278e-02 8.791000000000000203e-02 8.615496380261924991e-02 8.966503619738075415e-02 2.667100000000000026e-01 2.639690215443292187e-01 2.694509784556707865e-01 3.087600000000000344e-01 3.058966592243969607e-01 3.116233407756029972e-01 3.695000000000000367e-02 3.578082443536863277e-02 3.811917556463136070e-02 4.618000000000000577e-02 4.487920677102880812e-02 4.748079322897118953e-02
-3.900000000000000000e+01 7.371000000000001162e-02 7.209048571010583106e-02 7.532951428989416442e-02 9.309000000000000608e-02 9.128913274464285632e-02 9.489086725535715583e-02 2.680000000000000160e-01 2.652548187207244834e-01 2.707451812792755486e-01 3.198500000000000232e-01 3.169591628994806731e-01 3.227408371005193732e-01 4.100000000000000172e-02 3.977100724424074973e-02 4.222899275575925371e-02 4.892000000000000515e-02 4.758309717880584988e-02 5.025690282119414654e-02
-3.800000000000000000e+01 8.173000000000001097e-02 8.003205335755443628e-02 8.342794664244555791e-02 9.896000000000000629e-02 9.710924057424583089e-02 1.008107594257541817e-01 2.697200000000000153e-01 2.669692610947377864e-01 2.724707389052622442e-01 3.326300000000000368e-01 3.297098030772798172e-01 3.355501969227201453e-01 4.515000000000000263e-02 4.386310075951715959e-02 4.643689924048284567e-02 5.210000000000000742e-02 5.072263762821585531e-02 5.347736237178414564e-02
-3.700000000000000000e+01 9.074000000000000121e-02 8.895970684704906928e-02 9.252029315295093315e-02 1.047300000000000036e-01 1.028321553554994855e-01 1.066278446445005218e-01 2.718300000000000161e-01 2.690725148977145542e-01 2.745874851022854779e-01 3.466900000000000537e-01 3.437402962425152309e-01 3.496397037574847655e-01 4.995000000000000134e-02 4.859982808971452517e-02 5.130017191028547752e-02 5.535000000000000336e-02 5.393276337173527613e-02 5.676723662826473060e-02
-3.600000000000000000e+01 9.972000000000000308e-02 9.786293105697105310e-02 1.015770689430289531e-01 1.111200000000000104e-01 1.091721039600487692e-01 1.130678960399512240e-01 2.749300000000000077e-01 2.721627453539656183e-01 2.776972546460343971e-01 3.611100000000000421e-01 3.581329858840979763e-01 3.640870141159019968e-01 5.482000000000000761e-02 5.340916940762104048e-02 5.623083059237896086e-02 5.904000000000000220e-02 5.757914589097002517e-02 6.050085410902997923e-02
-3.500000000000000000e+01 1.086200000000000082e-01 1.066914343241746055e-01 1.105485656758253832e-01 1.171800000000000064e-01 1.151865244217606804e-01 1.191734755782393324e-01 2.781600000000000183e-01 2.753827440745446054e-01 2.809372559254554313e-01 3.752500000000000280e-01 3.722490305529957411e-01 3.782509694470042039e-01 5.961000000000000326e-02 5.814255560741130729e-02 6.107744439258869923e-02 6.220000000000000528e-02 6.070308066649093837e-02 6.369691933350905833e-02
-3.400000000000000000e+01 1.175900000000000140e-01 1.155935037593014553e-01 1.195864962406985449e-01 1.236500000000000099e-01 1.216097473676067270e-01 1.256902526323932789e-01 2.823700000000000099e-01 2.795799777878660297e-01 2.851600222121339900e-01 3.893500000000000294e-01 3.863278615157219598e-01 3.923721384842779880e-01 6.461000000000000076e-02 6.308631804971005785e-02 6.613368195028994367e-02 6.604000000000000148e-02 6.450072661022550335e-02 6.757927338977449960e-02
-3.300000000000000000e+01 1.256200000000000094e-01 1.235658715711809297e-01 1.276741284288190892e-01 1.297200000000000020e-01 1.276375189288195544e-01 1.318024810711804495e-01 2.873800000000000243e-01 2.845751776159893831e-01 2.901848223840106655e-01 4.023200000000000109e-01 3.992807371328043753e-01 4.053592628671956466e-01 6.881000000000001005e-02 6.724110809683951639e-02 7.037889190316047594e-02 6.956000000000001071e-02 6.798321650978007835e-02 7.113678349021991532e-02
-3.200000000000000000e+01 1.332000000000000128e-01 1.310939937545924083e-01 1.353060062454076173e-01 1.355300000000000116e-01 1.334085110532022556e-01 1.376514889467977676e-01 2.939900000000000291e-01 2.911662919211361888e-01 2.968137080788637583e-01 4.145500000000000296e-01 4.114966157862154916e-01 4.176033842137844565e-01 7.328000000000001180e-02 7.166484171575035478e-02 7.489515828424964106e-02 7.278000000000001135e-02 7.116992720461044752e-02 7.439007279538954742e-02
-3.100000000000000000e+01 1.391500000000000237e-01 1.370048708809041005e-01 1.412951291190958913e-01 1.410399999999999987e-01 1.388827240059402612e-01 1.431972759940597362e-01 3.013500000000000068e-01 2.985061052427168682e-01 3.041938947572831453e-01 4.261700000000000488e-01 4.231049952418353688e-01 4.292350047581646177e-01 7.670000000000000429e-02 7.505063341895876206e-02 7.834936658104124652e-02 7.582000000000001239e-02 7.417934123143546388e-02 7.746065876856453314e-02
-3.000000000000000000e+01 1.448100000000000220e-01 1.426288844463807493e-01 1.469911155536192393e-01 1.467000000000000248e-01 1.445071242710173065e-01 1.488928757289826876e-01 3.109999999999999987e-01 3.081309514562498020e-01 3.138690485437501954e-01 4.361700000000000577e-01 4.330963806856252818e-01 4.392436193143747225e-01 7.974000000000000532e-02 7.806103563196227502e-02 8.141896436803773562e-02 7.866000000000000769e-02 7.699146613630092340e-02 8.032853386369906423e-02
-2.900000000000000000e+01 1.507500000000000229e-01 1.485323422159882667e-01 1.529676577840117235e-01 1.518200000000000105e-01 1.495958882812955248e-01 1.540441117187044962e-01 3.225500000000000034e-01 3.196527548956043518e-01 3.254472451043956549e-01 4.454700000000000326e-01 4.423895097028496814e-01 4.485504902971502728e-01 8.326000000000000068e-02 8.154766243237522583e-02 8.497233756762477552e-02 8.170000000000000873e-02 8.000233728148654910e-02 8.339766271851344059e-02
-2.800000000000000000e+01 1.573800000000000199e-01 1.551229626650043603e-01 1.596370373349956240e-01 1.565500000000000225e-01 1.542978137729212329e-01 1.588021862270787565e-01 3.370500000000000163e-01 3.341202157213514212e-01 3.399797842786486113e-01 4.531800000000000272e-01 4.500946413568944759e-01 4.562653586431055786e-01 8.714000000000000912e-02 8.539192944481067971e-02 8.888807055518931077e-02 8.467000000000000914e-02 8.294455262069910795e-02 8.639544737930088258e-02
-2.700000000000000000e+01 1.643700000000000161e-01 1.620729715182916975e-01 1.666670284817082792e-01 1.611500000000000155e-01 1.588712042523082735e-01 1.634287957476917019e-01 3.535400000000000209e-01 3.505769553304917685e-01 3.565030446695082733e-01 4.605100000000000304e-01 4.574207054147962914e-01 4.635992945852036584e-01 9.106000000000000205e-02 8.927688430785138407e-02 9.284311569214862003e-02 8.736000000000000709e-02 8.560993510426494202e-02 8.911006489573504441e-02
-2.600000000000000000e+01 1.733800000000000063e-01 1.710336081325256052e-01 1.757263918674744074e-01 1.660100000000000187e-01 1.637038070645911725e-01 1.683161929354088093e-01 3.729900000000000437e-01 3.699926744284862679e-01 3.759873255715137086e-01 4.678400000000000336e-01 4.647474418090171699e-01 4.709325581909827863e-01 9.633000000000001284e-02 9.450133647015039606e-02 9.815866352984960186e-02 9.049000000000000099e-02 8.871191661265637185e-02 9.226808338734363013e-02
-2.500000000000000000e+01 1.835400000000000087e-01 1.811407201259268296e-01 1.859392798740731878e-01 1.702400000000000024e-01 1.679105406090487251e-01 1.725694593909512797e-01 3.955600000000000227e-01 3.925293842662732624e-01 3.985906157337267830e-01 4.746600000000000263e-01 4.715650071978468305e-01 4.777549928021532222e-01 1.020100000000000035e-01 1.001341193007859870e-01 1.038858806992140199e-01 9.313000000000000445e-02 9.132878560066792772e-02 9.493121439933208117e-02
-2.400000000000000000e+01 1.946300000000000252e-01 1.921761347730021607e-01 1.970838652269978342e-01 1.746700000000000197e-01 1.723167337465008053e-01 1.770232662534991785e-01 4.217800000000000438e-01 4.187191810819405058e-01 4.248408189180594707e-01 4.810800000000000631e-01 4.779832442912158030e-01 4.841767557087842122e-01 1.082200000000000106e-01 1.062945567631291277e-01 1.101454432368708658e-01 9.608000000000001262e-02 9.425345832347588326e-02 9.790654167652411421e-02
-2.300000000000000000e+01 2.065100000000000269e-01 2.040010652697694105e-01 2.090189347302305878e-01 1.790900000000000269e-01 1.767135343991439178e-01 1.814664656008560806e-01 4.503200000000000536e-01 4.472363599570658987e-01 4.534036400429340974e-01 4.875600000000000489e-01 4.844619841420809703e-01 4.906580158579190165e-01 1.151800000000000046e-01 1.132013722603647105e-01 1.171586277396352987e-01 9.878000000000000669e-02 9.693073984408315247e-02 1.006292601559168609e-01
-2.200000000000000000e+01 2.203100000000000058e-01 2.177412243349833298e-01 2.228787756650166818e-01 1.834500000000000020e-01 1.810511762464763474e-01 1.858488237535236565e-01 4.810300000000000131e-01 4.779332560416705289e-01 4.841267439583294974e-01 4.939000000000000612e-01 4.908012554727909649e-01 4.969987445272090465e-01 1.234700000000000103e-01 1.214310235605929045e-01 1.255089764394070884e-01 1.016200000000000020e-01 9.974730209865668995e-02 1.034926979013433140e-01
-2.100000000000000000e+01 2.339300000000000268e-01 2.313062329179081666e-01 2.365537670820918315e-01 1.873000000000000220e-01 1.848818562776290975e-01 1.897181437223708911e-01 5.127700000000000591e-01 5.096720357210847707e-01 5.158679642789151254e-01 4.997300000000000630e-01 4.966310252903078371e-01 5.028289747096922335e-01 1.315700000000000203e-01 1.294749521946586823e-01 1.336650478053413027e-01 1.044500000000000151e-01 1.025543976767901849e-01 1.063456023232098174e-01
-2.000000000000000000e+01 2.469800000000000328e-01 2.443071029005592643e-01 2.496528970994407459e-01 1.914300000000000168e-01 1.889915609614014891e-01 1.938684390385984890e-01 5.435800000000000631e-01 5.404928185288496723e-01 5.466671814711502320e-01 5.053300000000000569e-01 5.022312009204304983e-01 5.084287990795693934e-01 1.397100000000000009e-01 1.375612579904904320e-01 1.418587420095095697e-01 1.074300000000000116e-01 1.055107479119651165e-01 1.093492520880348789e-01
-1.900000000000000000e+01 2.585900000000000420e-01 2.558761666584563055e-01 2.613038333415436676e-01 1.951600000000000279e-01 1.927036046197364294e-01 1.976163953802635709e-01 5.696100000000000607e-01 5.665412042812890681e-01 5.726787957187108313e-01 5.105100000000000193e-01 5.074117095403303246e-01 5.136082904596697141e-01 1.471100000000000185e-01 1.449145896871062433e-01 1.493054103128937382e-01 1.106000000000000039e-01 1.086560986693022174e-01 1.125439013306977903e-01
-1.800000000000000000e+01 2.676200000000000245e-01 2.648760536723861470e-01 2.703639463276139021e-01 1.985300000000000120e-01 1.960576793419484543e-01 2.010023206580515698e-01 5.916600000000000747e-01 5.886135422614019452e-01 5.947064577385979822e-01 5.154100000000000348e-01 5.123124970036396775e-01 5.185075029963603921e-01 1.530700000000000116e-01 1.508383972367848824e-01 1.553016027632151408e-01 1.136300000000000088e-01 1.116630101511900536e-01 1.155969898488099362e-01
-1.700000000000000000e+01 2.746900000000000452e-01 2.719234957081070325e-01 2.774565042918929469e-01 2.022000000000000186e-01 1.997106516027408185e-01 2.046893483972591632e-01 6.082400000000000029e-01 6.052145106726420920e-01 6.112654893273579138e-01 5.200800000000000978e-01 5.169835249001619726e-01 5.231764750998380009e-01 1.579600000000000171e-01 1.556995858627008289e-01 1.602204141372991497e-01 1.169200000000000100e-01 1.149284440177517908e-01 1.189115559822482016e-01
-1.600000000000000000e+01 2.796200000000000352e-01 2.768382824520982388e-01 2.824017175479017205e-01 2.058000000000000107e-01 2.032942616630375454e-01 2.083057383369624760e-01 6.193899999999999961e-01 6.163806667543788587e-01 6.223993332456211336e-01 5.249000000000000332e-01 5.218048700151849406e-01 5.279951299848151258e-01 1.620600000000000096e-01 1.597760190907044353e-01 1.643439809092955839e-01 1.196600000000000164e-01 1.176483713701744205e-01 1.216716286298255845e-01
-1.500000000000000000e+01 2.819500000000000339e-01 2.791612377964893810e-01 2.847387622035105759e-01 2.090900000000000258e-01 2.065695490179820237e-01 2.116104509820179724e-01 6.247100000000000986e-01 6.217089666882921195e-01 6.277110333117078556e-01 5.292700000000000182e-01 5.261763393834846259e-01 5.323636606165154106e-01 1.648100000000000120e-01 1.625105047670486746e-01 1.671094952329513494e-01 1.226900000000000074e-01 1.206565700585017498e-01 1.247234299414982373e-01
-1.400000000000000000e+01 2.831200000000000383e-01 2.803277352227551145e-01 2.859122647772448511e-01 2.124300000000000077e-01 2.098948678792125211e-01 2.149651321207874943e-01 6.273500000000000743e-01 6.243532286714086332e-01 6.303467713285912932e-01 5.336200000000000943e-01 5.305280383453766513e-01 5.367119616546233152e-01 1.670500000000000040e-01 1.647380374376286594e-01 1.693619625623713487e-01 1.259900000000000186e-01 1.239332839849070084e-01 1.280467160150929595e-01
-1.300000000000000000e+01 2.834699999999999998e-01 2.806766919558382756e-01 2.862633080441617239e-01 2.162000000000000310e-01 2.136485999165256278e-01 2.187514000834743788e-01 6.281600000000000517e-01 6.251645554597679011e-01 6.311554445402322022e-01 5.383499999999999952e-01 5.352601537493701933e-01 5.414398462506297971e-01 1.691800000000000248e-01 1.668563213236566589e-01 1.715036786763433352e-01 1.295900000000000107e-01 1.275084072245872002e-01 1.316715927754128213e-01
-1.200000000000000000e+01 2.835799999999999987e-01 2.807863645003088604e-01 2.863736354996911371e-01 2.190800000000000247e-01 2.165163854372469665e-01 2.216436145627530274e-01 6.283900000000000041e-01 6.253949338432670535e-01 6.313850661567329547e-01 5.421400000000000663e-01 5.390520506465203976e-01 5.452279493534795130e-01 1.713500000000000023e-01 1.690145223650172113e-01 1.736854776349827933e-01 1.330800000000000038e-01 1.309747969125291678e-01 1.351852030874708399e-01
-1.100000000000000000e+01 2.836100000000000287e-01 2.808162752297922449e-01 2.864037247702077016e-01 2.224500000000000088e-01 2.198723232227904612e-01 2.250276767772095565e-01 6.284000000000000696e-01 6.254049503111990260e-01 6.313950496888008912e-01 5.461000000000000298e-01 5.430142248972532615e-01 5.491857751027467982e-01 1.735800000000000121e-01 1.712325392339196783e-01 1.759274607660803458e-01 1.366100000000000092e-01 1.344814059501795445e-01 1.387385940498204739e-01
-1.000000000000000000e+01 2.836600000000000232e-01 2.808661264794357626e-01 2.864538735205642839e-01 2.256100000000000050e-01 2.230193596122077293e-01 2.282006403877922807e-01 6.284100000000000241e-01 6.254149667805044555e-01 6.314050332194955928e-01 5.499800000000000244e-01 5.468965461905472836e-01 5.530634538094527652e-01 1.761600000000000110e-01 1.737988521687079402e-01 1.785211478312920819e-01 1.405900000000000205e-01 1.384356041299083517e-01 1.427443958700916338e-01
-9.000000000000000000e+00 2.836899999999999977e-01 2.808960372495221680e-01 2.864839627504778274e-01 2.287600000000000189e-01 2.261566479114581751e-01 2.313633520885418071e-01 6.284100000000000241e-01 6.254149667805044555e-01 6.314050332194955928e-01 5.537400000000000100e-01 5.506589764367446627e-01 5.568210235632553573e-01 1.791100000000000192e-01 1.767334306570801372e-01 1.814865693429198457e-01 1.450300000000000200e-01 1.428475090448958762e-01 1.472124909551041083e-01
-8.000000000000000000e+00 2.837300000000000377e-01 2.809359182999847104e-01 2.865240817000152540e-01 2.314300000000000246e-01 2.288160358146157924e-01 2.340439641853842012e-01 6.284100000000000241e-01 6.254149667805044555e-01 6.314050332194955928e-01 5.572900000000000631e-01 5.542114346137042569e-01 5.603685653862956473e-01 1.819400000000000184e-01 1.795488613183426341e-01 1.843311386816573472e-01 1.489800000000000013e-01 1.467731035334960410e-01 1.511868964665039616e-01
-7.000000000000000000e+00 2.838100000000000067e-01 2.810156804820876930e-01 2.866043195179123204e-01 2.340800000000000103e-01 2.314556488177864635e-01 2.367043511822135571e-01 6.284100000000000241e-01 6.254149667805044555e-01 6.314050332194955928e-01 5.610500000000000487e-01 5.579742119799971922e-01 5.641257880200029051e-01 1.855000000000000260e-01 1.830908402857967798e-01 1.879091597142032166e-01 1.533900000000000263e-01 1.511564878890162833e-01 1.556235121109837138e-01
-6.000000000000000000e+00 2.839400000000000257e-01 2.811452942587933657e-01 2.867347057412066857e-01 2.370000000000000162e-01 2.343643694492494878e-01 2.396356305507504891e-01 6.284100000000000241e-01 6.254149667805044555e-01 6.314050332194955928e-01 5.646100000000000563e-01 5.615370068022651484e-01 5.676829931977347421e-01 1.894000000000000128e-01 1.869714817132696882e-01 1.918285182867303373e-01 1.585400000000000142e-01 1.562762198058767205e-01 1.608037801941232525e-01
-5.000000000000000000e+00 2.840799999999999992e-01 2.812848786454489325e-01 2.868751213545510659e-01 2.395600000000000229e-01 2.369146221075052183e-01 2.422053778924947720e-01 6.284100000000000241e-01 6.254149667805044555e-01 6.314050332194955928e-01 5.677500000000000879e-01 5.646796056131249131e-01 5.708203943868750407e-01 1.936700000000000088e-01 1.912207355641321327e-01 1.961192644358678849e-01 1.638000000000000012e-01 1.615061758471308395e-01 1.660938241528691628e-01
-4.000000000000000000e+00 2.842200000000000282e-01 2.814244633632252968e-01 2.870155366367746486e-01 2.426300000000000123e-01 2.399731050133825927e-01 2.452868949866174320e-01 6.284100000000000241e-01 6.254149667805044555e-01 6.314050332194955928e-01 5.708199999999999941e-01 5.677522679802782246e-01 5.738877320197217635e-01 1.982800000000000118e-01 1.958088511553604805e-01 2.007511488446395431e-01 1.696200000000000208e-01 1.672939177851566483e-01 1.719460822148433377e-01
-3.000000000000000000e+00 2.844400000000000261e-01 2.816438114455183661e-01 2.872361885544816862e-01 2.449900000000000133e-01 2.423243776457762177e-01 2.476556223542238089e-01 6.284100000000000241e-01 6.254149667805044555e-01 6.314050332194955928e-01 5.737700000000000022e-01 5.707049397449373007e-01 5.768350602550627038e-01 2.031800000000000272e-01 2.006861594510218338e-01 2.056738405489781651e-01 1.753800000000000081e-01 1.730229702953510196e-01 1.777370297046489966e-01
-2.000000000000000000e+00 2.846700000000000341e-01 2.818731307684386733e-01 2.874668692315612839e-01 2.475800000000000223e-01 2.449049245494983318e-01 2.502550754505016850e-01 6.284200000000000896e-01 6.254249832511827867e-01 6.314150167488171705e-01 5.767800000000000704e-01 5.737177807744645586e-01 5.798422192255353602e-01 2.088000000000000134e-01 2.062808357907567058e-01 2.113191642092433209e-01 1.819300000000000084e-01 1.795389124172883100e-01 1.843210875827117068e-01
-1.000000000000000000e+00 2.849200000000000066e-01 2.821223919137624270e-01 2.877176080862375862e-01 2.502800000000000025e-01 2.475952075835464172e-01 2.529647924164535877e-01 6.284200000000000896e-01 6.254249832511827867e-01 6.314150167488171705e-01 5.794000000000000261e-01 5.763403484416641520e-01 5.824596515583359002e-01 2.145400000000000085e-01 2.119957237392390559e-01 2.170842762607609611e-01 1.887700000000000211e-01 1.863445820890718141e-01 1.911954179109281726e-01
0.000000000000000000e+00 2.852700000000000236e-01 2.824713592861646805e-01 2.880686407138353666e-01 2.529000000000000137e-01 2.502059114017882169e-01 2.555940885982118105e-01 6.284200000000000896e-01 6.254249832511827867e-01 6.314150167488171705e-01 5.822300000000000253e-01 5.791732212493815313e-01 5.852867787506185193e-01 2.204500000000000071e-01 2.178806389834075374e-01 2.230193610165924767e-01 1.956600000000000283e-01 1.932012240924390611e-01 1.981187759075609400e-01
1.000000000000000000e+00 2.855700000000000460e-01 2.827704758178327116e-01 2.883695241821672695e-01 2.555400000000000449e-01 2.528366752520351257e-01 2.582433247479648530e-01 6.284300000000000441e-01 6.254349997232344638e-01 6.314250002767656245e-01 5.848700000000000010e-01 5.818159944392432559e-01 5.879240055607567461e-01 2.269200000000000106e-01 2.243240477638843433e-01 2.295159522361156779e-01 2.033600000000000130e-01 2.008653368488710345e-01 2.058546631511289915e-01
2.000000000000000000e+00 2.861400000000000055e-01 2.833388013959360907e-01 2.889411986040639202e-01 2.581900000000000306e-01 2.554775350091201269e-01 2.609024649908798232e-01 6.284500000000000641e-01 6.254550326714574116e-01 6.314449673285424947e-01 5.875700000000000367e-01 5.845189240268654496e-01 5.906210759731346238e-01 2.330600000000000172e-01 2.304396297707834440e-01 2.356803702292165348e-01 2.106800000000000062e-01 2.081525283118866032e-01 2.132074716881134091e-01
3.000000000000000000e+00 2.866200000000000414e-01 2.838173955864644049e-01 2.894226044135355669e-01 2.607800000000000118e-01 2.580587271688776774e-01 2.635012728311223462e-01 6.284700000000000841e-01 6.254750656251735208e-01 6.314649343748264254e-01 5.900700000000000944e-01 5.870217210306114541e-01 5.931182789693885127e-01 2.398800000000000099e-01 2.372334129023453975e-01 2.425265870976546223e-01 2.182600000000000096e-01 2.156998445637901274e-01 2.208201554362098917e-01
4.000000000000000000e+00 2.874099999999999988e-01 2.846050902627965673e-01 2.902149097372034303e-01 2.634900000000000020e-01 2.607596426981704241e-01 2.662203573018295799e-01 6.285300000000000331e-01 6.255351645192821497e-01 6.315248354807179165e-01 5.921700000000000852e-01 5.891241334141740227e-01 5.952158665858259257e-01 2.468900000000000261e-01 2.442174302526592400e-01 2.495625697473407567e-01 2.264400000000000301e-01 2.238459898774378121e-01 2.290340101225621927e-01
5.000000000000000000e+00 2.885900000000000132e-01 2.857816662910846461e-01 2.913983337089153802e-01 2.664300000000000002e-01 2.636899377180893511e-01 2.691700622819106492e-01 6.285600000000000076e-01 6.255652139848776327e-01 6.315547860151223825e-01 5.943400000000000905e-01 5.912966866988207393e-01 5.973833133011792196e-01 2.544399999999999995e-01 2.517405077542628766e-01 2.571394922457371224e-01 2.349000000000000254e-01 2.322724638465699376e-01 2.375275361534300578e-01
6.000000000000000000e+00 2.898600000000000065e-01 2.870480070801837424e-01 2.926719929198162706e-01 2.693000000000000393e-01 2.665506133383903076e-01 2.720493866616096601e-01 6.285700000000000731e-01 6.255752304761564853e-01 6.315647695238434389e-01 5.966299999999999937e-01 5.935894480219077174e-01 5.996705519780922700e-01 2.617000000000000437e-01 2.589756281353617351e-01 2.644243718646382413e-01 2.432400000000000118e-01 2.405808387551380267e-01 2.458991612448619968e-01
7.000000000000000000e+00 2.911800000000000499e-01 2.883642321663084651e-01 2.939957678336915237e-01 2.719900000000000095e-01 2.692320065402503126e-01 2.747479934597497064e-01 6.285800000000000276e-01 6.255852469688089057e-01 6.315747530311911495e-01 5.985900000000000665e-01 5.955518660807169740e-01 6.016281339192829369e-01 2.687400000000000344e-01 2.659924212016280265e-01 2.714875787983719313e-01 2.510400000000000409e-01 2.483524975673591373e-01 2.537275024326408612e-01
8.000000000000000000e+00 2.931600000000000317e-01 2.903386237470756415e-01 2.959813762529243109e-01 2.754800000000000026e-01 2.727110295732727008e-01 2.782489704267273045e-01 6.286100000000000021e-01 6.256152964550075746e-01 6.316047035449924296e-01 6.007500000000000062e-01 5.977145894226267853e-01 6.037854105773732272e-01 2.757300000000000306e-01 2.729602514112557388e-01 2.784997485887442115e-01 2.592600000000000460e-01 2.565438812850952544e-01 2.619761187149047266e-01
9.000000000000000000e+00 2.955699999999999994e-01 2.927418841977912356e-01 2.983981158022087632e-01 2.792300000000000337e-01 2.764494706719716755e-01 2.820105293280282810e-01 6.286599999999999966e-01 6.256653789594783799e-01 6.316546210405216133e-01 6.025900000000000700e-01 5.995569578433401770e-01 6.056230421566597411e-01 2.823400000000000354e-01 2.795500676890615988e-01 2.851299323109383610e-01 2.668200000000000016e-01 2.640786620032770093e-01 2.695613379967229939e-01
1.000000000000000000e+01 2.987100000000000311e-01 2.958732452220491638e-01 3.015467547779507873e-01 2.838100000000000067e-01 2.810156804820876930e-01 2.866043195179123204e-01 6.287100000000001021e-01 6.257154614982928242e-01 6.317045385017071579e-01 6.045200000000000573e-01 6.014894902150753619e-01 6.075505097849245306e-01 2.892300000000000426e-01 2.864198189279027473e-01 2.920401810720972269e-01 2.748500000000000387e-01 2.720829953605519713e-01 2.776170046394479951e-01
1.100000000000000000e+01 3.024500000000000521e-01 2.996031632929978539e-01 3.052968367070021394e-01 2.889400000000000301e-01 2.861306551698824530e-01 2.917493448301174963e-01 6.287900000000000711e-01 6.257955936318378987e-01 6.317844063681620215e-01 6.064200000000000701e-01 6.033920314520498929e-01 6.094479685479500253e-01 2.962000000000000188e-01 2.933701380523549562e-01 2.990298619476450814e-01 2.830900000000000083e-01 2.802978247421918923e-01 2.858821752578081243e-01
1.200000000000000000e+01 3.069000000000000061e-01 3.040414586117454743e-01 3.097585413882545380e-01 2.946400000000000130e-01 2.918144736754741397e-01 2.974655263245258863e-01 6.288600000000000856e-01 6.258657093208267463e-01 6.318542906791732028e-01 6.083000000000000629e-01 6.052745931559109227e-01 6.113254068440889810e-01 3.030900000000000261e-01 3.002414605201697562e-01 3.059385394798302960e-01 2.911200000000000454e-01 2.883044031277822716e-01 2.939355968722177082e-01
1.300000000000000000e+01 3.120900000000000341e-01 3.092182023949003322e-01 3.149617976050996249e-01 3.011100000000000443e-01 2.982667496997261081e-01 3.039532503002738695e-01 6.290900000000000380e-01 6.260960899159314641e-01 6.320839100840686120e-01 6.100800000000000667e-01 6.070570619933869372e-01 6.131029380066129741e-01 3.097700000000000453e-01 3.069040758994132645e-01 3.126359241005867151e-01 2.989600000000000035e-01 2.961225642728785856e-01 3.017974357271214214e-01
1.400000000000000000e+01 3.187300000000000133e-01 3.158418536593148862e-01 3.216181463406851404e-01 3.088700000000000334e-01 3.060063770950592899e-01 3.117336229049406660e-01 6.292900000000000160e-01 6.262964214593187418e-01 6.322835785406812903e-01 6.117200000000000415e-01 6.086993741031806460e-01 6.147406258968194370e-01 3.176500000000000434e-01 3.147644665124722518e-01 3.205355334875277240e-01 3.078600000000000225e-01 3.049989747028579723e-01 3.107210252971420728e-01
1.500000000000000000e+01 3.265000000000000124e-01 3.235935792606914330e-01 3.294064207393085919e-01 3.176300000000000234e-01 3.147445150673982561e-01 3.205154849326017907e-01 6.294700000000000850e-01 6.264767203186746292e-01 6.324632796813253188e-01 6.134300000000000308e-01 6.104118232420248091e-01 6.164481767579752525e-01 3.259900000000000020e-01 3.230847507348639791e-01 3.288952492651360249e-01 3.171500000000000430e-01 3.142656822290466057e-01 3.200343177709533693e-01
1.600000000000000000e+01 3.359400000000000164e-01 3.330125963466011307e-01 3.388674036533989020e-01 3.279100000000000348e-01 3.250003608045992642e-01 3.308196391954006943e-01 6.297800000000000065e-01 6.267872360657383846e-01 6.327727639342616284e-01 6.151400000000000201e-01 6.121243116175519861e-01 6.181556883824480542e-01 3.357400000000000384e-01 3.328130272132435175e-01 3.386669727867564483e-01 3.277100000000000013e-01 3.248008155087319104e-01 3.306191844912680922e-01
1.700000000000000000e+01 3.469400000000000261e-01 3.439897975448680256e-01 3.498902024551320267e-01 3.398000000000000465e-01 3.368643955437748416e-01 3.427356044562251403e-01 6.301200000000000134e-01 6.271278032446518935e-01 6.331121967553481333e-01 6.168900000000000494e-01 6.138768989262797238e-01 6.199031010737203751e-01 3.468700000000000117e-01 3.439199370896752761e-01 3.498200629103247472e-01 3.397200000000000220e-01 3.367845632974239556e-01 3.426554367025760883e-01
1.800000000000000000e+01 3.599200000000000177e-01 3.569451285086158721e-01 3.628948714913841633e-01 3.535800000000000054e-01 3.506168793902230130e-01 3.565431206097769978e-01 6.308600000000000874e-01 6.278690431969542463e-01 6.338509568030457064e-01 6.188800000000000967e-01 6.158698912585081064e-01 6.218901087414918649e-01 3.599000000000000532e-01 3.569251646885476803e-01 3.628748353114523151e-01 3.535600000000000409e-01 3.505969173575211872e-01 3.565230826424787836e-01
1.900000000000000000e+01 3.761400000000000299e-01 3.731376147240831886e-01 3.791423852759167601e-01 3.702900000000000080e-01 3.672971194911386905e-01 3.732828805088613255e-01 6.315800000000000303e-01 6.285902568839406568e-01 6.345697431160594038e-01 6.208300000000001040e-01 6.178228754046806159e-01 6.238371245953193700e-01 3.761400000000000299e-01 3.731376147240831886e-01 3.791423852759167601e-01 3.702900000000000080e-01 3.672971194911386905e-01 3.732828805088613255e-01
2.000000000000000000e+01 3.934600000000000319e-01 3.904321935605309379e-01 3.964878064394690149e-01 3.881400000000000405e-01 3.851195731450955950e-01 3.911604268549043750e-01 6.325800000000000312e-01 6.295919544343494545e-01 6.355680455656506078e-01 6.229500000000000037e-01 6.199461782426131107e-01 6.259538217573868968e-01 3.934600000000000319e-01 3.904321935605309379e-01 3.964878064394690149e-01 3.881400000000000405e-01 3.851195731450955950e-01 3.911604268549043750e-01
2.100000000000000000e+01 4.126800000000000468e-01 4.096286487950955291e-01 4.157313512049044535e-01 4.079500000000000348e-01 4.049039940139743665e-01 4.109960059860255921e-01 6.335500000000000576e-01 6.305636142703469060e-01 6.365363857296529870e-01 6.249800000000000910e-01 6.219793981989312215e-01 6.279806018010687385e-01 4.126800000000000468e-01 4.096286487950955291e-01 4.157313512049044535e-01 4.079500000000000348e-01 4.049039940139743665e-01 4.109960059860255921e-01
2.200000000000000000e+01 4.363100000000000311e-01 4.332362691240679853e-01 4.393837308759319660e-01 4.321000000000000396e-01 4.290297329024789774e-01 4.351702670975209908e-01 6.347200000000000619e-01 6.317356336832036234e-01 6.377043663167962784e-01 6.272400000000000198e-01 6.242430491841592932e-01 6.302369508158407463e-01 4.363100000000000311e-01 4.332362691240679853e-01 4.393837308759319660e-01 4.321000000000000396e-01 4.290297329024789774e-01 4.351702670975209908e-01
2.300000000000000000e+01 4.629600000000000382e-01 4.598695398867101436e-01 4.660504601132898217e-01 4.590700000000000336e-01 4.559814255002567207e-01 4.621585744997432355e-01 6.364600000000000257e-01 6.334786720632482604e-01 6.394413279367517911e-01 6.297900000000000720e-01 6.267972527247576142e-01 6.327827472752423077e-01 4.629600000000000382e-01 4.598695398867101436e-01 4.660504601132898217e-01 4.590700000000000336e-01 4.559814255002567207e-01 4.621585744997432355e-01
2.400000000000000000e+01 4.922000000000000264e-01 4.891014019447194050e-01 4.952985980552806478e-01 4.885300000000000198e-01 4.854318403537039028e-01 4.916281596462961367e-01 6.385400000000001075e-01 6.355623594706543145e-01 6.415176405293456785e-01 6.326900000000000857e-01 6.297021420086884591e-01 6.356778579913114902e-01 4.922000000000000264e-01 4.891014019447194050e-01 4.952985980552806478e-01 4.885300000000000198e-01 4.854318403537039028e-01 4.916281596462961367e-01
2.500000000000000000e+01 5.219600000000000906e-01 5.188640151907260023e-01 5.250559848092739568e-01 5.186100000000000154e-01 5.155131721315625581e-01 5.217068278684374727e-01 6.408300000000000107e-01 6.378564890938874798e-01 6.438035109061125416e-01 6.358100000000000973e-01 6.328275321112522001e-01 6.387924678887477725e-01 5.219600000000000906e-01 5.188640151907260023e-01 5.250559848092739568e-01 5.186100000000000154e-01 5.155131721315625581e-01 5.217068278684374727e-01
2.600000000000000000e+01 5.533300000000000995e-01 5.502487027816489462e-01 5.564112972183510308e-01 5.502799999999999914e-01 5.471967335565922630e-01 5.533632664434077197e-01 6.438900000000000734e-01 6.409221221959092718e-01 6.468578778040906530e-01 6.396000000000000574e-01 6.366242618713292556e-01 6.425757381286706371e-01 5.533300000000000995e-01 5.502487027816489462e-01 5.564112972183510308e-01 5.502799999999999914e-01 5.471967335565922630e-01 5.533632664434077197e-01
2.700000000000000000e+01 5.821700000000000763e-01 5.791131592694857000e-01 5.852268407305142306e-01 5.794000000000000261e-01 5.763403484416641520e-01 5.824596515583359002e-01 6.475500000000000700e-01 6.445890334422952339e-01 6.505109665577046840e-01 6.439900000000000624e-01 6.410223085098263329e-01 6.469576914901735698e-01 5.821700000000000763e-01 5.791131592694857000e-01 5.852268407305142306e-01 5.794000000000000261e-01 5.763403484416641520e-01 5.824596515583359002e-01
2.800000000000000000e+01 6.098400000000000487e-01 6.068167266507107360e-01 6.128632733492893614e-01 6.073300000000000365e-01 6.043032655534741338e-01 6.103567344465259392e-01 6.526500000000000634e-01 6.496989816244203020e-01 6.556010183755796028e-01 6.496800000000000352e-01 6.467231431073025005e-01 6.526368568926975700e-01 6.098400000000000487e-01 6.068167266507107360e-01 6.128632733492893614e-01 6.073300000000000365e-01 6.043032655534741338e-01 6.103567344465259392e-01
2.900000000000000000e+01 6.339900000000000535e-01 6.310043714810535942e-01 6.369756285189465128e-01 6.318100000000000938e-01 6.288206460972652900e-01 6.347993539027346754e-01 6.586800000000000432e-01 6.557412259389130416e-01 6.616187740610870449e-01 6.562000000000000055e-01 6.532561265267944339e-01 6.591438734732055771e-01 6.339900000000000535e-01 6.310043714810535942e-01 6.369756285189465128e-01 6.318100000000000938e-01 6.288206460972652900e-01 6.347993539027346754e-01
3.000000000000000000e+01 6.533900000000000263e-01 6.504404560154858350e-01 6.563395439845142176e-01 6.514700000000001046e-01 6.485166468254548455e-01 6.544233531745451415e-01 6.660300000000000109e-01 6.631068660627277289e-01 6.689531339372722929e-01 6.639800000000000146e-01 6.610524241646621446e-01 6.669075758353378847e-01 6.533900000000000263e-01 6.504404560154858350e-01 6.563395439845142176e-01 6.514700000000001046e-01 6.485166468254548455e-01 6.544233531745451415e-01
3.100000000000000000e+01 6.700700000000000545e-01 6.671558018260379530e-01 6.729841981739621559e-01 6.684600000000000541e-01 6.655422117577003416e-01 6.713777882422997667e-01 6.755200000000000093e-01 6.726182421800674938e-01 6.784217578199325249e-01 6.738400000000001056e-01 6.709343598089164695e-01 6.767456401910835195e-01 6.700700000000000545e-01 6.671558018260379530e-01 6.729841981739621559e-01 6.684600000000000541e-01 6.655422117577003416e-01 6.713777882422997667e-01
3.200000000000000000e+01 6.850200000000000733e-01 6.821410030415030468e-01 6.878989969584968778e-01 6.836500000000000909e-01 6.807676353723765006e-01 6.865323646276234593e-01 6.870000000000000551e-01 6.841259214838967262e-01 6.898740785161033839e-01 6.856100000000000527e-01 6.827324622845692970e-01 6.884875377154308085e-01 6.850200000000000733e-01 6.821410030415030468e-01 6.878989969584968778e-01 6.836500000000000909e-01 6.807676353723765006e-01 6.865323646276234593e-01
3.300000000000000000e+01 7.003400000000000736e-01 6.975006629825371007e-01 7.031793370174628244e-01 6.991900000000000892e-01 6.963475565711476634e-01 7.020324434288522930e-01 7.008500000000000840e-01 6.980120474265895103e-01 7.036879525734104357e-01 6.996900000000000341e-01 6.968489045702840334e-01 7.025310954297160349e-01 7.003400000000000736e-01 6.975006629825371007e-01 7.031793370174628244e-01 6.991900000000000892e-01 6.963475565711476634e-01 7.020324434288522930e-01
3.400000000000000000e+01 7.176000000000000156e-01 7.148098879019584295e-01 7.203901120980416017e-01 7.167000000000000037e-01 7.139071984263593018e-01 7.194928015736407056e-01 7.176700000000000301e-01 7.148800976595244272e-01 7.204599023404756331e-01 7.167600000000000637e-01 7.139673772975057009e-01 7.195526227024942045e-01 7.176000000000000156e-01 7.148098879019584295e-01 7.203901120980416017e-01 7.167000000000000037e-01 7.139071984263593018e-01 7.194928015736407056e-01
3.500000000000000000e+01 7.376200000000000534e-01 7.348933474733678750e-01 7.403466525266322318e-01 7.369800000000000795e-01 7.342512086555270656e-01 7.397087913444728713e-01 7.376300000000000079e-01 7.349033809514969873e-01 7.403566190485030285e-01 7.369900000000000340e-01 7.342612420173189047e-01 7.397187579826811632e-01 7.376200000000000534e-01 7.348933474733678750e-01 7.403466525266322318e-01 7.369800000000000795e-01 7.342512086555270656e-01 7.397087913444728713e-01
3.600000000000000000e+01 7.602500000000000924e-01 7.576039038960068472e-01 7.628960961039931155e-01 7.598000000000000309e-01 7.571522057350436041e-01 7.624477942649564577e-01 7.602500000000000924e-01 7.576039038960068472e-01 7.628960961039931155e-01 7.598000000000000309e-01 7.571522057350436041e-01 7.624477942649564577e-01 7.602500000000000924e-01 7.576039038960068472e-01 7.628960961039931155e-01 7.598000000000000309e-01 7.571522057350436041e-01 7.624477942649564577e-01
3.700000000000000000e+01 7.847400000000001041e-01 7.821926263388006006e-01 7.872873736611993856e-01 7.844000000000000972e-01 7.818511677017618844e-01 7.869488322982380879e-01 7.847400000000001041e-01 7.821926263388006006e-01 7.872873736611993856e-01 7.844000000000000972e-01 7.818511677017618844e-01 7.869488322982380879e-01 7.847400000000001041e-01 7.821926263388006006e-01 7.872873736611993856e-01 7.844000000000000972e-01 7.818511677017618844e-01 7.869488322982380879e-01
3.800000000000000000e+01 8.122500000000000275e-01 8.098296235208863880e-01 8.146703764791136670e-01 8.120100000000001206e-01 8.095884348725572721e-01 8.144315651274427470e-01 8.122500000000000275e-01 8.098296235208863880e-01 8.146703764791136670e-01 8.120100000000001206e-01 8.095884348725572721e-01 8.144315651274427470e-01 8.122500000000000275e-01 8.098296235208863880e-01 8.146703764791136670e-01 8.120100000000001206e-01 8.095884348725572721e-01 8.144315651274427470e-01
3.900000000000000000e+01 8.437300000000000910e-01 8.414794553025632950e-01 8.459805446974366649e-01 8.435700000000000420e-01 8.413185169752813719e-01 8.458214830247187122e-01 8.437300000000000910e-01 8.414794553025632950e-01 8.459805446974366649e-01 8.435700000000000420e-01 8.413185169752813719e-01 8.458214830247187122e-01 8.437300000000000910e-01 8.414794553025632950e-01 8.459805446974366649e-01 8.435700000000000420e-01 8.413185169752813719e-01 8.458214830247187122e-01
4.000000000000000000e+01 8.743800000000000461e-01 8.723258715711810218e-01 8.764341284288190703e-01 8.742500000000000826e-01 8.721949617563667934e-01 8.763050382436331498e-01 8.743800000000000461e-01 8.723258715711810218e-01 8.764341284288190703e-01 8.742500000000000826e-01 8.721949617563667934e-01 8.763050382436331498e-01 8.743800000000000461e-01 8.723258715711810218e-01 8.764341284288190703e-01 8.742500000000000826e-01 8.721949617563667934e-01 8.763050382436331498e-01
4.100000000000000000e+01 9.049700000000000522e-01 9.031524115809644870e-01 9.067875884190356173e-01 9.049200000000000577e-01 9.031019837072912226e-01 9.067380162927086706e-01 9.049700000000000522e-01 9.031524115809644870e-01 9.067875884190356173e-01 9.049200000000000577e-01 9.031019837072912226e-01 9.067380162927086706e-01 9.049700000000000522e-01 9.031524115809644870e-01 9.067875884190356173e-01 9.049200000000000577e-01 9.031019837072912226e-01 9.067380162927086706e-01
4.200000000000000000e+01 9.330700000000000660e-01 9.315211276867231271e-01 9.346188723132767828e-01 9.330400000000000915e-01 9.314908055058820358e-01 9.345891944941179252e-01 9.330700000000000660e-01 9.315211276867231271e-01 9.346188723132767828e-01 9.330400000000000915e-01 9.314908055058820358e-01 9.345891944941179252e-01 9.330700000000000660e-01 9.315211276867231271e-01 9.346188723132767828e-01 9.330400000000000915e-01 9.314908055058820358e-01 9.345891944941179252e-01
4.300000000000000000e+01 9.572400000000000908e-01 9.559860582618978642e-01 9.584939417381020954e-01 9.572300000000000253e-01 9.559759181954755602e-01 9.584840818045244903e-01 9.572400000000000908e-01 9.559860582618978642e-01 9.584939417381020954e-01 9.572300000000000253e-01 9.559759181954755602e-01 9.584840818045244903e-01 9.572400000000000908e-01 9.559860582618978642e-01 9.584939417381020954e-01 9.572300000000000253e-01 9.559759181954755602e-01 9.584840818045244903e-01
4.400000000000000000e+01 9.753500000000000503e-01 9.743889703276286118e-01 9.763110296723714887e-01 9.753400000000000958e-01 9.743787803399706071e-01 9.763012196600293624e-01 9.753500000000000503e-01 9.743889703276286118e-01 9.763110296723714887e-01 9.753400000000000958e-01 9.743787803399706071e-01 9.763012196600293624e-01 9.753500000000000503e-01 9.743889703276286118e-01 9.763110296723714887e-01 9.753400000000000958e-01 9.743787803399706071e-01 9.763012196600293624e-01
4.500000000000000000e+01 9.883200000000000873e-01 9.876540857563177456e-01 9.889859142436822070e-01 9.883100000000001328e-01 9.876438041216492048e-01 9.889761958783508389e-01 9.883200000000000873e-01 9.876540857563177456e-01 9.889859142436822070e-01 9.883100000000001328e-01 9.876438041216492048e-01 9.889761958783508389e-01 9.883200000000000873e-01 9.876540857563177456e-01 9.889859142436822070e-01 9.883100000000001328e-01 9.876438041216492048e-01 9.889761958783508389e-01
4.600000000000000000e+01 9.949500000000001121e-01 9.945106664110162642e-01 9.953893335889837379e-01 9.949400000000000466e-01 9.945002338523982743e-01 9.953797661476018188e-01 9.949500000000001121e-01 9.945106664110162642e-01 9.953893335889837379e-01 9.949400000000000466e-01 9.945002338523982743e-01 9.953797661476018188e-01 9.949500000000001121e-01 9.945106664110162642e-01 9.953893335889837379e-01 9.949400000000000466e-01 9.945002338523982743e-01 9.953797661476018188e-01
4.700000000000000000e+01 9.986000000000000432e-01 9.983682563250122488e-01 9.988317436749878375e-01 9.985900000000000887e-01 9.983574313062146821e-01 9.988225686937852732e-01 9.986000000000000432e-01 9.983682563250122488e-01 9.988317436749878375e-01 9.985900000000000887e-01 9.983574313062146821e-01 9.988225686937852732e-01 9.986000000000000432e-01 9.983682563250122488e-01 9.988317436749878375e-01 9.985900000000000887e-01 9.983574313062146821e-01 9.988225686937852732e-01
4.800000000000000000e+01 9.996400000000000841e-01 9.995224233304440542e-01 9.997575766695558919e-01 9.996400000000000841e-01 9.995224233304440542e-01 9.997575766695558919e-01 9.996400000000000841e-01 9.995224233304440542e-01 9.997575766695558919e-01 9.996400000000000841e-01 9.995224233304440542e-01 9.997575766695558919e-01 9.996400000000000841e-01 9.995224233304440542e-01 9.997575766695558919e-01 9.996400000000000841e-01 9.995224233304440542e-01 9.997575766695558919e-01
4.900000000000000000e+01 9.999300000000000965e-01 9.998781460421664047e-01 9.999818539578335663e-01 9.999300000000000965e-01 9.998781460421664047e-01 9.999818539578335663e-01 9.999300000000000965e-01 9.998781460421664047e-01 9.999818539578335663e-01 9.999300000000000965e-01 9.998781460421664047e-01 9.999818539578335663e-01 9.999300000000000965e-01 9.998781460421664047e-01 9.999818539578335663e-01 9.999300000000000965e-01 9.998781460421664047e-01 9.999818539578335663e-01
5.000000000000000000e+01 1.000000000000000000e+00 1.000000000000000000e+00 1.000000000000000000e+00 1.000000000000000000e+00 1.000000000000000000e+00 1.000000000000000000e+00 1.000000000000000000e+00 1.000000000000000000e+00 1.000000000000000000e+00 1.000000000000000000e+00 1.000000000000000000e+00 1.000000000000000000e+00 1.000000000000000000e+00 1.000000000000000000e+00 1.000000000000000000e+00 1.000000000000000000e+00 1.000000000000000000e+00 1.000000000000000000e+00
5.100000000000000000e+01 1.000000000000000000e+00 1.000000000000000000e+00 1.000000000000000000e+00 1.000000000000000000e+00 1.000000000000000000e+00 1.000000000000000000e+00 1.000000000000000000e+00 1.000000000000000000e+00 1.000000000000000000e+00 1.000000000000000000e+00 1.000000000000000000e+00 1.000000000000000000e+00 1.000000000000000000e+00 1.000000000000000000e+00 1.000000000000000000e+00 1.000000000000000000e+00 1.000000000000000000e+00 1.000000000000000000e+00
5.200000000000000000e+01 1.000000000000000000e+00 1.000000000000000000e+00 1.000000000000000000e+00 1.000000000000000000e+00 1.000000000000000000e+00 1.000000000000000000e+00 1.000000000000000000e+00 1.000000000000000000e+00 1.000000000000000000e+00 1.000000000000000000e+00 1.000000000000000000e+00 1.000000000000000000e+00 1.000000000000000000e+00 1.000000000000000000e+00 1.000000000000000000e+00 1.000000000000000000e+00 1.000000000000000000e+00 1.000000000000000000e+00
5.300000000000000000e+01 1.000000000000000000e+00 1.000000000000000000e+00 1.000000000000000000e+00 1.000000000000000000e+00 1.000000000000000000e+00 1.000000000000000000e+00 1.000000000000000000e+00 1.000000000000000000e+00 1.000000000000000000e+00 1.000000000000000000e+00 1.000000000000000000e+00 1.000000000000000000e+00 1.000000000000000000e+00 1.000000000000000000e+00 1.000000000000000000e+00 1.000000000000000000e+00 1.000000000000000000e+00 1.000000000000000000e+00
5.400000000000000000e+01 1.000000000000000000e+00 1.000000000000000000e+00 1.000000000000000000e+00 1.000000000000000000e+00 1.000000000000000000e+00 1.000000000000000000e+00 1.000000000000000000e+00 1.000000000000000000e+00 1.000000000000000000e+00 1.000000000000000000e+00 1.000000000000000000e+00 1.000000000000000000e+00 1.000000000000000000e+00 1.000000000000000000e+00 1.000000000000000000e+00 1.000000000000000000e+00 1.000000000000000000e+00 1.000000000000000000e+00
5.500000000000000000e+01 1.000000000000000000e+00 1.000000000000000000e+00 1.000000000000000000e+00 1.000000000000000000e+00 1.000000000000000000e+00 1.000000000000000000e+00 1.000000000000000000e+00 1.000000000000000000e+00 1.000000000000000000e+00 1.000000000000000000e+00 1.000000000000000000e+00 1.000000000000000000e+00 1.000000000000000000e+00 1.000000000000000000e+00 1.000000000000000000e+00 1.000000000000000000e+00 1.000000000000000000e+00 1.000000000000000000e+00
5.600000000000000000e+01 1.000000000000000000e+00 1.000000000000000000e+00 1.000000000000000000e+00 1.000000000000000000e+00 1.000000000000000000e+00 1.000000000000000000e+00 1.000000000000000000e+00 1.000000000000000000e+00 1.000000000000000000e+00 1.000000000000000000e+00 1.000000000000000000e+00 1.000000000000000000e+00 1.000000000000000000e+00 1.000000000000000000e+00 1.000000000000000000e+00 1.000000000000000000e+00 1.000000000000000000e+00 1.000000000000000000e+00
5.700000000000000000e+01 1.000000000000000000e+00 1.000000000000000000e+00 1.000000000000000000e+00 1.000000000000000000e+00 1.000000000000000000e+00 1.000000000000000000e+00 1.000000000000000000e+00 1.000000000000000000e+00 1.000000000000000000e+00 1.000000000000000000e+00 1.000000000000000000e+00 1.000000000000000000e+00 1.000000000000000000e+00 1.000000000000000000e+00 1.000000000000000000e+00 1.000000000000000000e+00 1.000000000000000000e+00 1.000000000000000000e+00
5.800000000000000000e+01 1.000000000000000000e+00 1.000000000000000000e+00 1.000000000000000000e+00 1.000000000000000000e+00 1.000000000000000000e+00 1.000000000000000000e+00 1.000000000000000000e+00 1.000000000000000000e+00 1.000000000000000000e+00 1.000000000000000000e+00 1.000000000000000000e+00 1.000000000000000000e+00 1.000000000000000000e+00 1.000000000000000000e+00 1.000000000000000000e+00 1.000000000000000000e+00 1.000000000000000000e+00 1.000000000000000000e+00
5.900000000000000000e+01 1.000000000000000000e+00 1.000000000000000000e+00 1.000000000000000000e+00 1.000000000000000000e+00 1.000000000000000000e+00 1.000000000000000000e+00 1.000000000000000000e+00 1.000000000000000000e+00 1.000000000000000000e+00 1.000000000000000000e+00 1.000000000000000000e+00 1.000000000000000000e+00 1.000000000000000000e+00 1.000000000000000000e+00 1.000000000000000000e+00 1.000000000000000000e+00 1.000000000000000000e+00 1.000000000000000000e+00
6.000000000000000000e+01 1.000000000000000000e+00 1.000000000000000000e+00 1.000000000000000000e+00 1.000000000000000000e+00 1.000000000000000000e+00 1.000000000000000000e+00 1.000000000000000000e+00 1.000000000000000000e+00 1.000000000000000000e+00 1.000000000000000000e+00 1.000000000000000000e+00 1.000000000000000000e+00 1.000000000000000000e+00 1.000000000000000000e+00 1.000000000000000000e+00 1.000000000000000000e+00 1.000000000000000000e+00 1.000000000000000000e+00
6.100000000000000000e+01 1.000000000000000000e+00 1.000000000000000000e+00 1.000000000000000000e+00 1.000000000000000000e+00 1.000000000000000000e+00 1.000000000000000000e+00 1.000000000000000000e+00 1.000000000000000000e+00 1.000000000000000000e+00 1.000000000000000000e+00 1.000000000000000000e+00 1.000000000000000000e+00 1.000000000000000000e+00 1.000000000000000000e+00 1.000000000000000000e+00 1.000000000000000000e+00 1.000000000000000000e+00 1.000000000000000000e+00
6.200000000000000000e+01 1.000000000000000000e+00 1.000000000000000000e+00 1.000000000000000000e+00 1.000000000000000000e+00 1.000000000000000000e+00 1.000000000000000000e+00 1.000000000000000000e+00 1.000000000000000000e+00 1.000000000000000000e+00 1.000000000000000000e+00 1.000000000000000000e+00 1.000000000000000000e+00 1.000000000000000000e+00 1.000000000000000000e+00 1.000000000000000000e+00 1.000000000000000000e+00 1.000000000000000000e+00 1.000000000000000000e+00
6.300000000000000000e+01 1.000000000000000000e+00 1.000000000000000000e+00 1.000000000000000000e+00 1.000000000000000000e+00 1.000000000000000000e+00 1.000000000000000000e+00 1.000000000000000000e+00 1.000000000000000000e+00 1.000000000000000000e+00 1.000000000000000000e+00 1.000000000000000000e+00 1.000000000000000000e+00 1.000000000000000000e+00 1.000000000000000000e+00 1.000000000000000000e+00 1.000000000000000000e+00 1.000000000000000000e+00 1.000000000000000000e+00
6.400000000000000000e+01 1.000000000000000000e+00 1.000000000000000000e+00 1.000000000000000000e+00 1.000000000000000000e+00 1.000000000000000000e+00 1.000000000000000000e+00 1.000000000000000000e+00 1.000000000000000000e+00 1.000000000000000000e+00 1.000000000000000000e+00 1.000000000000000000e+00 1.000000000000000000e+00 1.000000000000000000e+00 1.000000000000000000e+00 1.000000000000000000e+00 1.000000000000000000e+00 1.000000000000000000e+00 1.000000000000000000e+00
6.500000000000000000e+01 1.000000000000000000e+00 1.000000000000000000e+00 1.000000000000000000e+00 1.000000000000000000e+00 1.000000000000000000e+00 1.000000000000000000e+00 1.000000000000000000e+00 1.000000000000000000e+00 1.000000000000000000e+00 1.000000000000000000e+00 1.000000000000000000e+00 1.000000000000000000e+00 1.000000000000000000e+00 1.000000000000000000e+00 1.000000000000000000e+00 1.000000000000000000e+00 1.000000000000000000e+00 1.000000000000000000e+00
6.600000000000000000e+01 1.000000000000000000e+00 1.000000000000000000e+00 1.000000000000000000e+00 1.000000000000000000e+00 1.000000000000000000e+00 1.000000000000000000e+00 1.000000000000000000e+00 1.000000000000000000e+00 1.000000000000000000e+00 1.000000000000000000e+00 1.000000000000000000e+00 1.000000000000000000e+00 1.000000000000000000e+00 1.000000000000000000e+00 1.000000000000000000e+00 1.000000000000000000e+00 1.000000000000000000e+00 1.000000000000000000e+00
6.700000000000000000e+01 1.000000000000000000e+00 1.000000000000000000e+00 1.000000000000000000e+00 1.000000000000000000e+00 1.000000000000000000e+00 1.000000000000000000e+00 1.000000000000000000e+00 1.000000000000000000e+00 1.000000000000000000e+00 1.000000000000000000e+00 1.000000000000000000e+00 1.000000000000000000e+00 1.000000000000000000e+00 1.000000000000000000e+00 1.000000000000000000e+00 1.000000000000000000e+00 1.000000000000000000e+00 1.000000000000000000e+00
6.800000000000000000e+01 1.000000000000000000e+00 1.000000000000000000e+00 1.000000000000000000e+00 1.000000000000000000e+00 1.000000000000000000e+00 1.000000000000000000e+00 1.000000000000000000e+00 1.000000000000000000e+00 1.000000000000000000e+00 1.000000000000000000e+00 1.000000000000000000e+00 1.000000000000000000e+00 1.000000000000000000e+00 1.000000000000000000e+00 1.000000000000000000e+00 1.000000000000000000e+00 1.000000000000000000e+00 1.000000000000000000e+00
6.900000000000000000e+01 1.000000000000000000e+00 1.000000000000000000e+00 1.000000000000000000e+00 1.000000000000000000e+00 1.000000000000000000e+00 1.000000000000000000e+00 1.000000000000000000e+00 1.000000000000000000e+00 1.000000000000000000e+00 1.000000000000000000e+00 1.000000000000000000e+00 1.000000000000000000e+00 1.000000000000000000e+00 1.000000000000000000e+00 1.000000000000000000e+00 1.000000000000000000e+00 1.000000000000000000e+00 1.000000000000000000e+00
7.000000000000000000e+01 1.000000000000000000e+00 1.000000000000000000e+00 1.000000000000000000e+00 1.000000000000000000e+00 1.000000000000000000e+00 1.000000000000000000e+00 1.000000000000000000e+00 1.000000000000000000e+00 1.000000000000000000e+00 1.000000000000000000e+00 1.000000000000000000e+00 1.000000000000000000e+00 1.000000000000000000e+00 1.000000000000000000e+00 1.000000000000000000e+00 1.000000000000000000e+00 1.000000000000000000e+00 1.000000000000000000e+00
7.100000000000000000e+01 1.000000000000000000e+00 1.000000000000000000e+00 1.000000000000000000e+00 1.000000000000000000e+00 1.000000000000000000e+00 1.000000000000000000e+00 1.000000000000000000e+00 1.000000000000000000e+00 1.000000000000000000e+00 1.000000000000000000e+00 1.000000000000000000e+00 1.000000000000000000e+00 1.000000000000000000e+00 1.000000000000000000e+00 1.000000000000000000e+00 1.000000000000000000e+00 1.000000000000000000e+00 1.000000000000000000e+00
7.200000000000000000e+01 1.000000000000000000e+00 1.000000000000000000e+00 1.000000000000000000e+00 1.000000000000000000e+00 1.000000000000000000e+00 1.000000000000000000e+00 1.000000000000000000e+00 1.000000000000000000e+00 1.000000000000000000e+00 1.000000000000000000e+00 1.000000000000000000e+00 1.000000000000000000e+00 1.000000000000000000e+00 1.000000000000000000e+00 1.000000000000000000e+00 1.000000000000000000e+00 1.000000000000000000e+00 1.000000000000000000e+00
7.300000000000000000e+01 1.000000000000000000e+00 1.000000000000000000e+00 1.000000000000000000e+00 1.000000000000000000e+00 1.000000000000000000e+00 1.000000000000000000e+00 1.000000000000000000e+00 1.000000000000000000e+00 1.000000000000000000e+00 1.000000000000000000e+00 1.000000000000000000e+00 1.000000000000000000e+00 1.000000000000000000e+00 1.000000000000000000e+00 1.000000000000000000e+00 1.000000000000000000e+00 1.000000000000000000e+00 1.000000000000000000e+00
7.400000000000000000e+01 1.000000000000000000e+00 1.000000000000000000e+00 1.000000000000000000e+00 1.000000000000000000e+00 1.000000000000000000e+00 1.000000000000000000e+00 1.000000000000000000e+00 1.000000000000000000e+00 1.000000000000000000e+00 1.000000000000000000e+00 1.000000000000000000e+00 1.000000000000000000e+00 1.000000000000000000e+00 1.000000000000000000e+00 1.000000000000000000e+00 1.000000000000000000e+00 1.000000000000000000e+00 1.000000000000000000e+00
7.500000000000000000e+01 1.000000000000000000e+00 1.000000000000000000e+00 1.000000000000000000e+00 1.000000000000000000e+00 1.000000000000000000e+00 1.000000000000000000e+00 1.000000000000000000e+00 1.000000000000000000e+00 1.000000000000000000e+00 1.000000000000000000e+00 1.000000000000000000e+00 1.000000000000000000e+00 1.000000000000000000e+00 1.000000000000000000e+00 1.000000000000000000e+00 1.000000000000000000e+00 1.000000000000000000e+00 1.000000000000000000e+00
7.600000000000000000e+01 1.000000000000000000e+00 1.000000000000000000e+00 1.000000000000000000e+00 1.000000000000000000e+00 1.000000000000000000e+00 1.000000000000000000e+00 1.000000000000000000e+00 1.000000000000000000e+00 1.000000000000000000e+00 1.000000000000000000e+00 1.000000000000000000e+00 1.000000000000000000e+00 1.000000000000000000e+00 1.000000000000000000e+00 1.000000000000000000e+00 1.000000000000000000e+00 1.000000000000000000e+00 1.000000000000000000e+00
7.700000000000000000e+01 1.000000000000000000e+00 1.000000000000000000e+00 1.000000000000000000e+00 1.000000000000000000e+00 1.000000000000000000e+00 1.000000000000000000e+00 1.000000000000000000e+00 1.000000000000000000e+00 1.000000000000000000e+00 1.000000000000000000e+00 1.000000000000000000e+00 1.000000000000000000e+00 1.000000000000000000e+00 1.000000000000000000e+00 1.000000000000000000e+00 1.000000000000000000e+00 1.000000000000000000e+00 1.000000000000000000e+00
7.800000000000000000e+01 1.000000000000000000e+00 1.000000000000000000e+00 1.000000000000000000e+00 1.000000000000000000e+00 1.000000000000000000e+00 1.000000000000000000e+00 1.000000000000000000e+00 1.000000000000000000e+00 1.000000000000000000e+00 1.000000000000000000e+00 1.000000000000000000e+00 1.000000000000000000e+00 1.000000000000000000e+00 1.000000000000000000e+00 1.000000000000000000e+00 1.000000000000000000e+00 1.000000000000000000e+00 1.000000000000000000e+00
7.900000000000000000e+01 1.000000000000000000e+00 1.000000000000000000e+00 1.000000000000000000e+00 1.000000000000000000e+00 1.000000000000000000e+00 1.000000000000000000e+00 1.000000000000000000e+00 1.000000000000000000e+00 1.000000000000000000e+00 1.000000000000000000e+00 1.000000000000000000e+00 1.000000000000000000e+00 1.000000000000000000e+00 1.000000000000000000e+00 1.000000000000000000e+00 1.000000000000000000e+00 1.000000000000000000e+00 1.000000000000000000e+00
8.000000000000000000e+01 1.000000000000000000e+00 1.000000000000000000e+00 1.000000000000000000e+00 1.000000000000000000e+00 1.000000000000000000e+00 1.000000000000000000e+00 1.000000000000000000e+00 1.000000000000000000e+00 1.000000000000000000e+00 1.000000000000000000e+00 1.000000000000000000e+00 1.000000000000000000e+00 1.000000000000000000e+00 1.000000000000000000e+00 1.000000000000000000e+00 1.000000000000000000e+00 1.000000000000000000e+00 1.000000000000000000e+00
8.100000000000000000e+01 1.000000000000000000e+00 1.000000000000000000e+00 1.000000000000000000e+00 1.000000000000000000e+00 1.000000000000000000e+00 1.000000000000000000e+00 1.000000000000000000e+00 1.000000000000000000e+00 1.000000000000000000e+00 1.000000000000000000e+00 1.000000000000000000e+00 1.000000000000000000e+00 1.000000000000000000e+00 1.000000000000000000e+00 1.000000000000000000e+00 1.000000000000000000e+00 1.000000000000000000e+00 1.000000000000000000e+00
8.200000000000000000e+01 1.000000000000000000e+00 1.000000000000000000e+00 1.000000000000000000e+00 1.000000000000000000e+00 1.000000000000000000e+00 1.000000000000000000e+00 1.000000000000000000e+00 1.000000000000000000e+00 1.000000000000000000e+00 1.000000000000000000e+00 1.000000000000000000e+00 1.000000000000000000e+00 1.000000000000000000e+00 1.000000000000000000e+00 1.000000000000000000e+00 1.000000000000000000e+00 1.000000000000000000e+00 1.000000000000000000e+00
8.300000000000000000e+01 1.000000000000000000e+00 1.000000000000000000e+00 1.000000000000000000e+00 1.000000000000000000e+00 1.000000000000000000e+00 1.000000000000000000e+00 1.000000000000000000e+00 1.000000000000000000e+00 1.000000000000000000e+00 1.000000000000000000e+00 1.000000000000000000e+00 1.000000000000000000e+00 1.000000000000000000e+00 1.000000000000000000e+00 1.000000000000000000e+00 1.000000000000000000e+00 1.000000000000000000e+00 1.000000000000000000e+00
8.400000000000000000e+01 1.000000000000000000e+00 1.000000000000000000e+00 1.000000000000000000e+00 1.000000000000000000e+00 1.000000000000000000e+00 1.000000000000000000e+00 1.000000000000000000e+00 1.000000000000000000e+00 1.000000000000000000e+00 1.000000000000000000e+00 1.000000000000000000e+00 1.000000000000000000e+00 1.000000000000000000e+00 1.000000000000000000e+00 1.000000000000000000e+00 1.000000000000000000e+00 1.000000000000000000e+00 1.000000000000000000e+00
8.500000000000000000e+01 1.000000000000000000e+00 1.000000000000000000e+00 1.000000000000000000e+00 1.000000000000000000e+00 1.000000000000000000e+00 1.000000000000000000e+00 1.000000000000000000e+00 1.000000000000000000e+00 1.000000000000000000e+00 1.000000000000000000e+00 1.000000000000000000e+00 1.000000000000000000e+00 1.000000000000000000e+00 1.000000000000000000e+00 1.000000000000000000e+00 1.000000000000000000e+00 1.000000000000000000e+00 1.000000000000000000e+00
8.600000000000000000e+01 1.000000000000000000e+00 1.000000000000000000e+00 1.000000000000000000e+00 1.000000000000000000e+00 1.000000000000000000e+00 1.000000000000000000e+00 1.000000000000000000e+00 1.000000000000000000e+00 1.000000000000000000e+00 1.000000000000000000e+00 1.000000000000000000e+00 1.000000000000000000e+00 1.000000000000000000e+00 1.000000000000000000e+00 1.000000000000000000e+00 1.000000000000000000e+00 1.000000000000000000e+00 1.000000000000000000e+00
8.700000000000000000e+01 1.000000000000000000e+00 1.000000000000000000e+00 1.000000000000000000e+00 1.000000000000000000e+00 1.000000000000000000e+00 1.000000000000000000e+00 1.000000000000000000e+00 1.000000000000000000e+00 1.000000000000000000e+00 1.000000000000000000e+00 1.000000000000000000e+00 1.000000000000000000e+00 1.000000000000000000e+00 1.000000000000000000e+00 1.000000000000000000e+00 1.000000000000000000e+00 1.000000000000000000e+00 1.000000000000000000e+00
8.800000000000000000e+01 1.000000000000000000e+00 1.000000000000000000e+00 1.000000000000000000e+00 1.000000000000000000e+00 1.000000000000000000e+00 1.000000000000000000e+00 1.000000000000000000e+00 1.000000000000000000e+00 1.000000000000000000e+00 1.000000000000000000e+00 1.000000000000000000e+00 1.000000000000000000e+00 1.000000000000000000e+00 1.000000000000000000e+00 1.000000000000000000e+00 1.000000000000000000e+00 1.000000000000000000e+00 1.000000000000000000e+00
8.900000000000000000e+01 1.000000000000000000e+00 1.000000000000000000e+00 1.000000000000000000e+00 1.000000000000000000e+00 1.000000000000000000e+00 1.000000000000000000e+00 1.000000000000000000e+00 1.000000000000000000e+00 1.000000000000000000e+00 1.000000000000000000e+00 1.000000000000000000e+00 1.000000000000000000e+00 1.000000000000000000e+00 1.000000000000000000e+00 1.000000000000000000e+00 1.000000000000000000e+00 1.000000000000000000e+00 1.000000000000000000e+00
9.000000000000000000e+01 1.000000000000000000e+00 1.000000000000000000e+00 1.000000000000000000e+00 1.000000000000000000e+00 1.000000000000000000e+00 1.000000000000000000e+00 1.000000000000000000e+00 1.000000000000000000e+00 1.000000000000000000e+00 1.000000000000000000e+00 1.000000000000000000e+00 1.000000000000000000e+00 1.000000000000000000e+00 1.000000000000000000e+00 1.000000000000000000e+00 1.000000000000000000e+00 1.000000000000000000e+00 1.000000000000000000e+00
9.100000000000000000e+01 1.000000000000000000e+00 1.000000000000000000e+00 1.000000000000000000e+00 1.000000000000000000e+00 1.000000000000000000e+00 1.000000000000000000e+00 1.000000000000000000e+00 1.000000000000000000e+00 1.000000000000000000e+00 1.000000000000000000e+00 1.000000000000000000e+00 1.000000000000000000e+00 1.000000000000000000e+00 1.000000000000000000e+00 1.000000000000000000e+00 1.000000000000000000e+00 1.000000000000000000e+00 1.000000000000000000e+00
9.200000000000000000e+01 1.000000000000000000e+00 1.000000000000000000e+00 1.000000000000000000e+00 1.000000000000000000e+00 1.000000000000000000e+00 1.000000000000000000e+00 1.000000000000000000e+00 1.000000000000000000e+00 1.000000000000000000e+00 1.000000000000000000e+00 1.000000000000000000e+00 1.000000000000000000e+00 1.000000000000000000e+00 1.000000000000000000e+00 1.000000000000000000e+00 1.000000000000000000e+00 1.000000000000000000e+00 1.000000000000000000e+00
9.300000000000000000e+01 1.000000000000000000e+00 1.000000000000000000e+00 1.000000000000000000e+00 1.000000000000000000e+00 1.000000000000000000e+00 1.000000000000000000e+00 1.000000000000000000e+00 1.000000000000000000e+00 1.000000000000000000e+00 1.000000000000000000e+00 1.000000000000000000e+00 1.000000000000000000e+00 1.000000000000000000e+00 1.000000000000000000e+00 1.000000000000000000e+00 1.000000000000000000e+00 1.000000000000000000e+00 1.000000000000000000e+00
9.400000000000000000e+01 1.000000000000000000e+00 1.000000000000000000e+00 1.000000000000000000e+00 1.000000000000000000e+00 1.000000000000000000e+00 1.000000000000000000e+00 1.000000000000000000e+00 1.000000000000000000e+00 1.000000000000000000e+00 1.000000000000000000e+00 1.000000000000000000e+00 1.000000000000000000e+00 1.000000000000000000e+00 1.000000000000000000e+00 1.000000000000000000e+00 1.000000000000000000e+00 1.000000000000000000e+00 1.000000000000000000e+00
9.500000000000000000e+01 1.000000000000000000e+00 1.000000000000000000e+00 1.000000000000000000e+00 1.000000000000000000e+00 1.000000000000000000e+00 1.000000000000000000e+00 1.000000000000000000e+00 1.000000000000000000e+00 1.000000000000000000e+00 1.000000000000000000e+00 1.000000000000000000e+00 1.000000000000000000e+00 1.000000000000000000e+00 1.000000000000000000e+00 1.000000000000000000e+00 1.000000000000000000e+00 1.000000000000000000e+00 1.000000000000000000e+00
9.600000000000000000e+01 1.000000000000000000e+00 1.000000000000000000e+00 1.000000000000000000e+00 1.000000000000000000e+00 1.000000000000000000e+00 1.000000000000000000e+00 1.000000000000000000e+00 1.000000000000000000e+00 1.000000000000000000e+00 1.000000000000000000e+00 1.000000000000000000e+00 1.000000000000000000e+00 1.000000000000000000e+00 1.000000000000000000e+00 1.000000000000000000e+00 1.000000000000000000e+00 1.000000000000000000e+00 1.000000000000000000e+00
9.700000000000000000e+01 1.000000000000000000e+00 1.000000000000000000e+00 1.000000000000000000e+00 1.000000000000000000e+00 1.000000000000000000e+00 1.000000000000000000e+00 1.000000000000000000e+00 1.000000000000000000e+00 1.000000000000000000e+00 1.000000000000000000e+00 1.000000000000000000e+00 1.000000000000000000e+00 1.000000000000000000e+00 1.000000000000000000e+00 1.000000000000000000e+00 1.000000000000000000e+00 1.000000000000000000e+00 1.000000000000000000e+00
9.800000000000000000e+01 1.000000000000000000e+00 1.000000000000000000e+00 1.000000000000000000e+00 1.000000000000000000e+00 1.000000000000000000e+00 1.000000000000000000e+00 1.000000000000000000e+00 1.000000000000000000e+00 1.000000000000000000e+00 1.000000000000000000e+00 1.000000000000000000e+00 1.000000000000000000e+00 1.000000000000000000e+00 1.000000000000000000e+00 1.000000000000000000e+00 1.000000000000000000e+00 1.000000000000000000e+00 1.000000000000000000e+00
9.900000000000000000e+01 1.000000000000000000e+00 1.000000000000000000e+00 1.000000000000000000e+00 1.000000000000000000e+00 1.000000000000000000e+00 1.000000000000000000e+00 1.000000000000000000e+00 1.000000000000000000e+00 1.000000000000000000e+00 1.000000000000000000e+00 1.000000000000000000e+00 1.000000000000000000e+00 1.000000000000000000e+00 1.000000000000000000e+00 1.000000000000000000e+00 1.000000000000000000e+00 1.000000000000000000e+00 1.000000000000000000e+00
1.000000000000000000e+02 1.000000000000000000e+00 1.000000000000000000e+00 1.000000000000000000e+00 1.000000000000000000e+00 1.000000000000000000e+00 1.000000000000000000e+00 1.000000000000000000e+00 1.000000000000000000e+00 1.000000000000000000e+00 1.000000000000000000e+00 1.000000000000000000e+00 1.000000000000000000e+00 1.000000000000000000e+00 1.000000000000000000e+00 1.000000000000000000e+00 1.000000000000000000e+00 1.000000000000000000e+00 1.000000000000000000e+00
