x						y1						y2						y3						y4						y5						y6						y7						y8						y9						y10						y11						y12						y13						y14						y15						y16						y17						y18		
-1.000000000000000000e+02 5.230000000000000274e-03 4.782945701359961679e-03 5.677054298640038868e-03 7.360000000000000223e-03 6.830235461430501920e-03 7.889764538569498525e-03 8.252000000000001001e-02 8.081460100142330572e-02 8.422539899857668655e-02 1.373199999999999976e-01 1.351867593380555177e-01 1.394532406619444775e-01 1.530000000000000110e-03 1.287751377202910573e-03 1.772248622797089213e-03 2.050000000000000173e-03 1.769663651095171363e-03 2.330336348904829200e-03
-9.900000000000000000e+01 5.930000000000000375e-03 5.454134826957967620e-03 6.405865173042033130e-03 7.690000000000000654e-03 7.148579189186715296e-03 8.231420810813284278e-03 8.348000000000001253e-02 8.176560739611710149e-02 8.519439260388289581e-02 1.405200000000000060e-01 1.383660528199057993e-01 1.426739471800942127e-01 1.750000000000000036e-03 1.490948104261398096e-03 2.009051895738601760e-03 2.150000000000000001e-03 1.862921973653612617e-03 2.437078026346387385e-03
-9.800000000000000000e+01 6.580000000000000779e-03 6.078896440818037754e-03 7.081103559181962069e-03 8.020000000000001086e-03 7.467176198287045485e-03 8.572823801712953218e-03 8.448000000000001342e-02 8.275631079535199219e-02 8.620368920464800688e-02 1.435300000000000187e-01 1.413569210191158720e-01 1.457030789808841098e-01 1.950000000000000127e-03 1.676572906368299729e-03 2.223427093631700092e-03 2.240000000000000237e-03 1.946988176781616229e-03 2.533011823218383595e-03
-9.700000000000000000e+01 7.460000000000000485e-03 6.926675525850608910e-03 7.993324474149391193e-03 8.320000000000001006e-03 7.757016675299297642e-03 8.882983324700700900e-03 8.586000000000000576e-02 8.412359955095966013e-02 8.759640044904035139e-02 1.464400000000000146e-01 1.442487346140989002e-01 1.486312653859010735e-01 2.180000000000000080e-03 1.890930387618938334e-03 2.469069612381062043e-03 2.340000000000000066e-03 2.040534153057386741e-03 2.639465846942613391e-03
-9.600000000000000000e+01 8.110000000000000889e-03 7.554108191982209126e-03 8.665891808017790049e-03 8.670000000000000623e-03 8.095398488154867400e-03 9.244601511845133845e-03 8.787000000000000366e-02 8.611532465360653699e-02 8.962467534639347033e-02 1.496000000000000107e-01 1.473893218765833513e-01 1.518106781234166702e-01 2.320000000000000014e-03 2.021813679119013538e-03 2.618186320880986490e-03 2.460000000000000381e-03 2.152970005916225553e-03 2.767029994083774341e-03
-9.500000000000000000e+01 8.800000000000000530e-03 8.221144620384040688e-03 9.378855379615960372e-03 9.069999999999999937e-03 8.482411587265734770e-03 9.657588412734265104e-03 9.012000000000000566e-02 8.834519459758034821e-02 9.189480540241966311e-02 1.527400000000000146e-01 1.505103698120083822e-01 1.549696301879915916e-01 2.520000000000000104e-03 2.209257640028684626e-03 2.830742359971315583e-03 2.530000000000000131e-03 2.218643258904022530e-03 2.841356741095977731e-03
-9.400000000000000000e+01 9.550000000000001196e-03 8.947209977773895942e-03 1.015279002222610298e-02 9.420000000000001289e-03 8.821287507526007904e-03 1.001871249247399120e-02 9.308000000000000995e-02 9.127921954642594093e-02 9.488078045357405121e-02 1.557800000000000018e-01 1.535323340883615328e-01 1.580276659116384708e-01 2.820000000000000024e-03 2.491330484266767679e-03 3.148669515733232369e-03 2.620000000000000367e-03 2.303167981411445228e-03 2.936832018588554638e-03
-9.300000000000000000e+01 1.016000000000000063e-02 9.538448033334211845e-03 1.078155196666578941e-02 9.800000000000001418e-03 9.189448096083034992e-03 1.041055190391696438e-02 9.637000000000001121e-02 9.454099732387172272e-02 9.819900267612827194e-02 1.585400000000000142e-01 1.562762198058767205e-01 1.608037801941232525e-01 2.980000000000000444e-03 2.642162263878689715e-03 3.317837736121310305e-03 2.800000000000000405e-03 2.472494768579350764e-03 3.127505231420649179e-03
-9.200000000000000000e+01 1.079000000000000098e-02 1.014967116034490996e-02 1.143032883965508853e-02 1.027000000000000135e-02 9.645127114634667945e-03 1.089487288536533129e-02 1.004300000000000054e-01 9.856706670701538553e-02 1.022929332929846252e-01 1.614200000000000079e-01 1.591396631121236027e-01 1.637003368878764131e-01 3.180000000000000101e-03 2.831044520294795537e-03 3.528955479705204665e-03 2.950000000000000365e-03 2.613862033895892820e-03 3.286137966104107043e-03
-9.100000000000000000e+01 1.140000000000000041e-02 1.074202283802873879e-02 1.205797716197126203e-02 1.067000000000000066e-02 1.003320317403684492e-02 1.130679682596315641e-02 1.051200000000000051e-01 1.032190391701722915e-01 1.070209608298277187e-01 1.641300000000000259e-01 1.618343195015979064e-01 1.664256804984020899e-01 3.410000000000000270e-03 3.048687037165090461e-03 3.771312962834909212e-03 3.110000000000000351e-03 2.764894480506336922e-03 3.455105519493662913e-03
-9.000000000000000000e+01 1.218000000000000159e-02 1.150015384975346631e-02 1.285984615024653339e-02 1.097000000000000058e-02 1.032441097708202034e-02 1.161558902291798083e-02 1.114500000000000074e-01 1.094995758620110615e-01 1.134004241379889255e-01 1.669700000000000073e-01 1.646584801056425462e-01 1.692815198943574684e-01 3.700000000000000164e-03 3.323691508661936501e-03 4.076308491338063826e-03 3.240000000000000258e-03 2.887778471967813055e-03 3.592221528032186594e-03
-8.900000000000000000e+01 1.298000000000000022e-02 1.227846650134212583e-02 1.368153349865787460e-02 1.142000000000000133e-02 1.076145257951925845e-02 1.207854742048074075e-02 1.188000000000000028e-01 1.167946344240510109e-01 1.208053655759489947e-01 1.696200000000000208e-01 1.672939177851566483e-01 1.719460822148433377e-01 3.950000000000000386e-03 3.561234955525938682e-03 4.338765044474062089e-03 3.420000000000000297e-03 3.058159456005500251e-03 3.781840543994499475e-03
-8.800000000000000000e+01 1.375000000000000180e-02 1.302823976989406912e-02 1.447176023010593102e-02 1.187000000000000034e-02 1.119875588224308535e-02 1.254124411775691533e-02 1.273900000000000032e-01 1.253235454743629462e-01 1.294564545256370602e-01 1.721800000000000275e-01 1.698400455679602294e-01 1.745199544320397700e-01 4.150000000000000043e-03 3.751554337690303931e-03 4.548445662309695721e-03 3.590000000000000309e-03 3.219307026491397862e-03 3.960692973508601888e-03
-8.700000000000000000e+01 1.463000000000000064e-02 1.388583383166596547e-02 1.537416616833403582e-02 1.224000000000000088e-02 1.155850210694176795e-02 1.292149789305823034e-02 1.375200000000000033e-01 1.353854538968834453e-01 1.396545461031165614e-01 1.752200000000000146e-01 1.728638171549676528e-01 1.775761828450323210e-01 4.460000000000000422e-03 4.047004920392287437e-03 4.872995079607713408e-03 3.810000000000000452e-03 3.428159783332641441e-03 4.191840216667359030e-03
-8.600000000000000000e+01 1.575999999999999970e-02 1.498807216210479472e-02 1.653192783789520642e-02 1.268000000000000030e-02 1.198651561749590130e-02 1.337348438250409929e-02 1.488300000000000178e-01 1.466240204300778838e-01 1.510359795699220964e-01 1.779800000000000271e-01 1.756093093637454694e-01 1.803506906362545292e-01 4.840000000000000552e-03 4.409852673908002015e-03 5.270147326091997354e-03 4.109999999999999938e-03 3.713471243835862398e-03 4.506528756164137478e-03
-8.500000000000000000e+01 1.694999999999999979e-02 1.614994333770705323e-02 1.775005666229294635e-02 1.312000000000000145e-02 1.241474336218450179e-02 1.382525663781549764e-02 1.615200000000000247e-01 1.592390928952894524e-01 1.638009071047105414e-01 1.802000000000000268e-01 1.778177933024081558e-01 1.825822066975918423e-01 5.260000000000000786e-03 4.811672112725700647e-03 5.708327887274299191e-03 4.300000000000000003e-03 3.894447976760192793e-03 4.705552023239807646e-03
-8.400000000000000000e+01 1.822000000000000008e-02 1.739104803049467893e-02 1.904895196950532124e-02 1.348000000000000066e-02 1.276526346193814290e-02 1.419473653806185842e-02 1.758700000000000263e-01 1.735103812710511173e-01 1.782296187289488798e-01 1.825400000000000078e-01 1.801458003135961161e-01 1.849341996864038995e-01 5.760000000000000363e-03 5.290965327262166056e-03 6.229034672737834670e-03 4.540000000000000632e-03 4.123334133467561856e-03 4.956665866532437674e-03
-8.300000000000000000e+01 1.978000000000000244e-02 1.891697571959957344e-02 2.064302428040042450e-02 1.377000000000000099e-02 1.304772236768860297e-02 1.449227763231139554e-02 1.920300000000000062e-01 1.895886488529732183e-01 1.944713511470267941e-01 1.850200000000000178e-01 1.826132504190615957e-01 1.874267495809383843e-01 6.250000000000000347e-03 5.761542625768072481e-03 6.738457374231928212e-03 4.770000000000000802e-03 4.342959554066484068e-03 5.197040445933515801e-03
-8.200000000000000000e+01 2.127000000000000071e-02 2.037574106886839986e-02 2.216425893113160156e-02 1.419000000000000122e-02 1.345694611726555752e-02 1.492305388273444146e-02 2.074400000000000133e-01 2.049268962518199511e-01 2.099531037481800755e-01 1.875600000000000045e-01 1.851405655968973996e-01 1.899794344031026094e-01 6.760000000000000384e-03 6.252134701133384327e-03 7.267865298866616440e-03 5.010000000000000564e-03 4.572401009014733647e-03 5.447598990985265746e-03
-8.100000000000000000e+01 2.257000000000000325e-02 2.164943024361726601e-02 2.349056975638273356e-02 1.470000000000000126e-02 1.395408215045060123e-02 1.544591784954939782e-02 2.222900000000000154e-01 2.197129853018879031e-01 2.248670146981120721e-01 1.900500000000000245e-01 1.876182936276667435e-01 1.924817063723332500e-01 7.180000000000000618e-03 6.656706221029947031e-03 7.703293778970052470e-03 5.380000000000000233e-03 4.926614295167517331e-03 5.833385704832483136e-03
-8.000000000000000000e+01 2.369000000000000272e-02 2.274740639231647918e-02 2.463259360768351933e-02 1.508000000000000139e-02 1.432464824952274507e-02 1.583535175047725424e-02 2.353900000000000159e-01 2.327605671624043138e-01 2.380194328375956625e-01 1.920600000000000085e-01 1.896185034874160458e-01 1.945014965125839712e-01 7.640000000000000957e-03 7.100328609473109502e-03 8.179671390526889810e-03 5.660000000000000100e-03 5.195031253879010824e-03 6.124968746120989377e-03
-7.900000000000000000e+01 2.456000000000000197e-02 2.360068208991522587e-02 2.551931791008477113e-02 1.542000000000000141e-02 1.465631232322388115e-02 1.618368767677611994e-02 2.456400000000000250e-01 2.429719930208947276e-01 2.483080069791052669e-01 1.941900000000000293e-01 1.917382406048022958e-01 1.966417593951977072e-01 8.130000000000000074e-03 7.573428785394737198e-03 8.686571214605262950e-03 5.930000000000000375e-03 5.454134826957967620e-03 6.405865173042033130e-03
-7.800000000000000000e+01 2.531000000000000263e-02 2.433651913622854671e-02 2.628348086377145162e-02 1.586000000000000257e-02 1.508566636466549503e-02 1.663433363533450490e-02 2.526500000000000412e-01 2.499567928316354659e-01 2.553432071683645055e-01 1.964100000000000290e-01 1.939476649295722166e-01 1.988723350704277859e-01 8.550000000000000308e-03 7.979354289655175847e-03 9.120645710344824769e-03 6.290000000000000452e-03 5.799991917196887017e-03 6.780008082803112152e-03
-7.700000000000000000e+01 2.573000000000000287e-02 2.474868678123055138e-02 2.671131321876944742e-02 1.614000000000000157e-02 1.535897217155983777e-02 1.692102782844016537e-02 2.571599999999999997e-01 2.544510721368650197e-01 2.598689278631349797e-01 1.987200000000000077e-01 1.962467897843276077e-01 2.011932102156724078e-01 8.850000000000000228e-03 8.269517115629933246e-03 9.430482884370067209e-03 6.580000000000000779e-03 6.078896440818037754e-03 7.081103559181962069e-03
-7.600000000000000000e+01 2.599000000000000268e-02 2.500387279846110963e-02 2.697612720153888879e-02 1.648000000000000159e-02 1.569092498438143940e-02 1.726907501561856378e-02 2.594800000000000439e-01 2.567631326674836845e-01 2.621968673325162924e-01 2.009300000000000253e-01 1.984465072521642559e-01 2.034134927478357391e-01 9.130000000000000962e-03 8.540489127036941797e-03 9.719510872963056658e-03 6.910000000000000343e-03 6.396569789639526896e-03 7.423430210360473791e-03
-7.500000000000000000e+01 2.610000000000000167e-02 2.511184396446274059e-02 2.708815603553726276e-02 1.692000000000000101e-02 1.612063946914036455e-02 1.771936053085963747e-02 2.605900000000000438e-01 2.578693691153929879e-01 2.633106308846069887e-01 2.030800000000000105e-01 2.005866167851757254e-01 2.055733832148242957e-01 9.380000000000001184e-03 8.782547949299297080e-03 9.977452050700701819e-03 7.320000000000000985e-03 6.791666355563389518e-03 7.848333644436610718e-03
-7.400000000000000000e+01 2.613000000000000045e-02 2.514129145022576950e-02 2.711870854977423140e-02 1.728000000000000022e-02 1.647232831568718955e-02 1.808767168431281089e-02 2.608500000000000263e-01 2.581284908288848379e-01 2.635715091711152147e-01 2.050000000000000155e-01 2.024978773984821845e-01 2.075021226015177911e-01 9.630000000000001406e-03 9.024714914599940574e-03 1.023528508540005877e-02 7.620000000000000905e-03 7.081030017420812499e-03 8.158969982579186708e-03
-7.300000000000000000e+01 2.613000000000000045e-02 2.514129145022576950e-02 2.711870854977423140e-02 1.768000000000000127e-02 1.686320002734942314e-02 1.849679997265057940e-02 2.609400000000000053e-01 2.582181870949522562e-01 2.636618129050477544e-01 2.070700000000000041e-01 2.045585524797570720e-01 2.095814475202429361e-01 9.930000000000001326e-03 9.315452203432279810e-03 1.054454779656771937e-02 8.130000000000000074e-03 7.573428785394737198e-03 8.686571214605262950e-03
-7.200000000000000000e+01 2.614000000000000351e-02 2.515110735518284041e-02 2.712889264481715967e-02 1.812000000000000069e-02 1.729328390148757860e-02 1.894671609851242278e-02 2.609400000000000053e-01 2.582181870949522562e-01 2.636618129050477544e-01 2.092900000000000038e-01 2.067686627176607284e-01 2.118113372823392793e-01 1.016000000000000063e-02 9.538448033334211845e-03 1.078155196666578941e-02 8.480000000000001426e-03 7.911675005308524411e-03 9.048324994691474971e-03
-7.100000000000000000e+01 2.614000000000000351e-02 2.515110735518284041e-02 2.712889264481715967e-02 1.863000000000000073e-02 1.779194811490834860e-02 1.946805188509165285e-02 2.609400000000000053e-01 2.582181870949522562e-01 2.636618129050477544e-01 2.112100000000000088e-01 2.086802009370828381e-01 2.137397990629171796e-01 1.039000000000000166e-02 9.761525150859205399e-03 1.101847484914079446e-02 8.980000000000000135e-03 8.395307572873147647e-03 9.564692427126852622e-03
-7.000000000000000000e+01 2.616000000000000270e-02 2.517073927952316256e-02 2.714926072047683589e-02 1.914000000000000076e-02 1.829077539284182374e-02 1.998922460715817778e-02 2.609400000000000053e-01 2.582181870949522562e-01 2.636618129050477544e-01 2.132500000000000229e-01 2.107113023164989274e-01 2.157886976835010628e-01 1.078000000000000139e-02 1.013996471734861411e-02 1.142003528265138519e-02 9.480000000000000579e-03 8.879401996511968737e-03 1.008059800348803242e-02
-6.900000000000000000e+01 2.617000000000000229e-02 2.518055529886384369e-02 2.715944470113615394e-02 1.970000000000000223e-02 1.883868758853740263e-02 2.056131241146259489e-02 2.609400000000000053e-01 2.582181870949522562e-01 2.636618129050477544e-01 2.153500000000000136e-01 2.128022399781010210e-01 2.178977600218990063e-01 1.102000000000000028e-02 1.037295774551981117e-02 1.166704225448018939e-02 9.960000000000000103e-03 9.344533908385145235e-03 1.057546609161485497e-02
-6.800000000000000000e+01 2.623000000000000331e-02 2.523945221395759719e-02 2.722054778604240249e-02 2.030000000000000207e-02 1.942593714588325415e-02 2.117406285411674305e-02 2.609400000000000053e-01 2.582181870949522562e-01 2.636618129050477544e-01 2.170900000000000052e-01 2.145348057559561816e-01 2.196451942440438287e-01 1.142000000000000133e-02 1.076145257951925845e-02 1.207854742048074075e-02 1.040000000000000126e-02 9.771225958319106064e-03 1.102877404168089298e-02
-6.700000000000000000e+01 2.624000000000000291e-02 2.524926849945045848e-02 2.723073150054954039e-02 2.078000000000000333e-02 1.989588043734462006e-02 2.166411956265537966e-02 2.609500000000000153e-01 2.582281533558865028e-01 2.636718466441135278e-01 2.188400000000000067e-01 2.162773963378739339e-01 2.214026036621260796e-01 1.174000000000000044e-02 1.107239781677114149e-02 1.240760218322885938e-02 1.083000000000000108e-02 1.018849833555443563e-02 1.147150166444556307e-02
-6.600000000000000000e+01 2.628000000000000128e-02 2.528853402058239483e-02 2.727146597941760772e-02 2.146000000000000338e-02 2.056184303646262437e-02 2.235815696353737544e-02 2.609500000000000153e-01 2.582281533558865028e-01 2.636718466441135278e-01 2.207500000000000295e-01 2.181793860937215612e-01 2.233206139062784423e-01 1.216000000000000067e-02 1.148070536844279961e-02 1.283929463155720173e-02 1.137000000000000163e-02 1.071287919753309212e-02 1.202712080246690768e-02
-6.500000000000000000e+01 2.633000000000000271e-02 2.533761677353021241e-02 2.732238322646978607e-02 2.211000000000000118e-02 2.119864524298170627e-02 2.302135475701829609e-02 2.609600000000000253e-01 2.582381196186502303e-01 2.636818803813498202e-01 2.225100000000000133e-01 2.199320750853161754e-01 2.250879249146838512e-01 1.261000000000000142e-02 1.191840794325837657e-02 1.330159205674162279e-02 1.200000000000000025e-02 1.132513456320426680e-02 1.267486543679573370e-02
-6.400000000000000000e+01 2.641000000000000292e-02 2.541615114005972911e-02 2.740384885994026978e-02 2.295000000000000165e-02 2.202189346532618802e-02 2.387810653467381528e-02 2.609800000000000453e-01 2.582580521496660730e-01 2.637019478503339065e-01 2.243500000000000216e-01 2.217645030703677134e-01 2.269354969296322744e-01 1.315000000000000023e-02 1.244394823965089963e-02 1.385605176034910083e-02 1.250000000000000069e-02 1.181139265674883282e-02 1.318860734325116857e-02
-6.300000000000000000e+01 2.646000000000000088e-02 2.546523634120912913e-02 2.745476365879087263e-02 2.360000000000000292e-02 2.265915522394176124e-02 2.454084477605823766e-02 2.609800000000000453e-01 2.582580521496660730e-01 2.637019478503339065e-01 2.261700000000000099e-01 2.235770844556047021e-01 2.287629155443953177e-01 1.362000000000000190e-02 1.290161248880429198e-02 1.433838751119570834e-02 1.296000000000000103e-02 1.225900008026863455e-02 1.366099991973136404e-02
-6.200000000000000000e+01 2.660000000000000211e-02 2.560267988074393236e-02 2.759732011925606493e-02 2.456000000000000197e-02 2.360068208991522587e-02 2.551931791008477113e-02 2.609899999999999998e-01 2.582680184179180216e-01 2.637119815820819779e-01 2.277800000000000102e-01 2.251805802877083762e-01 2.303794197122916443e-01 1.410000000000000142e-02 1.336924115507477466e-02 1.483075884492522471e-02 1.357000000000000046e-02 1.285291415335101939e-02 1.428708584664898154e-02
-6.100000000000000000e+01 2.666000000000000314e-02 2.566158648952086146e-02 2.765841351047913788e-02 2.562000000000000041e-02 2.464073138851979178e-02 2.659926861148020905e-02 2.610300000000000398e-01 2.583078835092177949e-01 2.637521164907821736e-01 2.295900000000000163e-01 2.269833331390206377e-01 2.321966668609793394e-01 1.471000000000000085e-02 1.396383226655927012e-02 1.545616773344073158e-02 1.434000000000000032e-02 1.360313787721660617e-02 1.507686212278339447e-02
-6.000000000000000000e+01 2.679000000000000131e-02 2.578922204730119128e-02 2.779077795269881135e-02 2.682000000000000356e-02 2.581867729174255888e-02 2.782132270825744130e-02 2.610300000000000398e-01 2.583078835092177949e-01 2.637521164907821736e-01 2.311200000000000199e-01 2.285072603407271030e-01 2.337327396592728812e-01 1.526000000000000099e-02 1.450022299121572072e-02 1.601977700878427779e-02 1.524000000000000181e-02 1.448071333199386912e-02 1.599928666800613103e-02
-5.900000000000000000e+01 2.698000000000000051e-02 2.597577750104379524e-02 2.798422249895620578e-02 2.812000000000000263e-02 2.709538178621394289e-02 2.914461821378605544e-02 2.610300000000000398e-01 2.583078835092177949e-01 2.637521164907821736e-01 2.329600000000000282e-01 2.303400212069592612e-01 2.355799787930407396e-01 1.578000000000000236e-02 1.500759036336962726e-02 1.655240963663037052e-02 1.615000000000000116e-02 1.536873422536918013e-02 1.693126577463082219e-02
-5.800000000000000000e+01 2.725000000000000339e-02 2.624090520961421327e-02 2.825909479038578656e-02 2.953000000000000069e-02 2.848076958394753569e-02 3.057923041605246570e-02 2.610500000000000043e-01 2.583278160658419309e-01 2.637721839341580776e-01 2.346500000000000252e-01 2.320234334230780737e-01 2.372765665769219212e-01 1.643999999999999975e-02 1.565186715518581198e-02 1.722813284481418752e-02 1.711999999999999980e-02 1.631601079023342962e-02 1.792398920976656998e-02
-5.700000000000000000e+01 2.749000000000000055e-02 2.647659626917039238e-02 2.850340373082960871e-02 3.129000000000000531e-02 3.021093460774358294e-02 3.236906539225641727e-02 2.610600000000000143e-01 2.583377823468973045e-01 2.637822176531027241e-01 2.363500000000000323e-01 2.337168653239574123e-01 2.389831346760425967e-01 1.699000000000000163e-02 1.618901617072336999e-02 1.779098382927663327e-02 1.834000000000000213e-02 1.750837352985237100e-02 1.917162647014762633e-02
-5.600000000000000000e+01 2.778000000000000261e-02 2.676141685086821237e-02 2.879858314913178591e-02 3.330999999999999933e-02 3.219780991170609341e-02 3.442219008829390525e-02 2.610600000000000143e-01 2.583377823468973045e-01 2.637822176531027241e-01 2.379300000000000304e-01 2.352908132268573538e-01 2.405691867731426514e-01 1.756000000000000269e-02 1.674592697357807011e-02 1.837407302642192833e-02 1.964000000000000121e-02 1.877997391397638605e-02 2.050002608602361637e-02
-5.500000000000000000e+01 2.835000000000000367e-02 2.732132176712218086e-02 2.937867823287781954e-02 3.519000000000000600e-02 3.404796708118418280e-02 3.633203291881581531e-02 2.610800000000000343e-01 2.583577149144943852e-01 2.638022850855055723e-01 2.396100000000000174e-01 2.369644330347543959e-01 2.422555669652455834e-01 1.818000000000000171e-02 1.735194159876316672e-02 1.900805840123683671e-02 2.081000000000000211e-02 1.992525602074134150e-02 2.169474397925865577e-02
-5.400000000000000000e+01 2.889000000000000248e-02 2.785185964105389711e-02 2.992814035894610092e-02 3.774000000000000271e-02 3.655887664954250715e-02 3.892112335045749827e-02 2.610999999999999988e-01 2.583776474894060593e-01 2.638223525105939382e-01 2.415000000000000202e-01 2.388473225158485591e-01 2.441526774841514258e-01 1.873000000000000012e-02 1.788974473876992280e-02 1.957025526123007744e-02 2.247000000000000039e-02 2.155142488774670212e-02 2.338857511225329866e-02
-5.300000000000000000e+01 2.958000000000000212e-02 2.852990873679259187e-02 3.063009126320740544e-02 4.050000000000000128e-02 3.927820570713614484e-02 4.172179429286385771e-02 2.611600000000000033e-01 2.584374452580234238e-01 2.638825547419765827e-01 2.435200000000000142e-01 2.408598009512281923e-01 2.461801990487717806e-01 1.925000000000000322e-02 1.839838634514165752e-02 2.010161365485834198e-02 2.412000000000000255e-02 2.316909977203384513e-02 2.507090022796615303e-02
-5.200000000000000000e+01 3.043000000000000219e-02 2.936539463155689311e-02 3.149460536844310432e-02 4.389000000000000540e-02 4.262034767671171037e-02 4.515965232328828655e-02 2.612400000000000277e-01 2.585171757185515395e-01 2.639628242814485160e-01 2.455500000000000183e-01 2.428823227097045290e-01 2.482176772902954520e-01 1.990000000000000102e-02 1.903441479665933522e-02 2.076558520334066682e-02 2.622000000000000372e-02 2.522963596642297662e-02 2.721036403357702388e-02
-5.100000000000000000e+01 3.142000000000000348e-02 3.033876790188925684e-02 3.250123209811073971e-02 4.746000000000000218e-02 4.614218766296890317e-02 4.877781233703110120e-02 2.613700000000000467e-01 2.586467379663572874e-01 2.640932620336426950e-01 2.478400000000000325e-01 2.451639827529638049e-01 2.505160172470362046e-01 2.052000000000000005e-02 1.964131228301272888e-02 2.139868771698727121e-02 2.857000000000000164e-02 2.753745505019742842e-02 2.960254494980257486e-02
-5.000000000000000000e+01 3.265000000000000541e-02 3.154850760801546777e-02 3.375149239198452916e-02 5.084000000000000324e-02 4.947849081414016498e-02 5.220150918585984151e-02 2.614500000000000157e-01 2.587264687338428071e-01 2.641735312661572244e-01 2.504100000000000215e-01 2.477247432484226963e-01 2.530952567515773466e-01 2.127000000000000071e-02 2.037574106886839986e-02 2.216425893113160156e-02 3.066000000000000322e-02 2.959150564159142294e-02 3.172849435840857657e-02
-4.900000000000000000e+01 3.429000000000000103e-02 3.316213999126554901e-02 3.541786000873445306e-02 5.417000000000000287e-02 5.276707630216840444e-02 5.557292369783160130e-02 2.616300000000000292e-01 2.589058633879503524e-01 2.643541366120495950e-01 2.529500000000000082e-01 2.502557352573563376e-01 2.556442647426436787e-01 2.229000000000000078e-02 2.137502726290442176e-02 2.320497273709557981e-02 3.258000000000000479e-02 3.147964920444590309e-02 3.368035079555409261e-02
-4.800000000000000000e+01 3.596000000000000585e-02 3.480600092800899270e-02 3.711399907199100512e-02 5.768000000000000210e-02 5.623502637086048167e-02 5.912497362913952254e-02 2.617800000000000127e-01 2.590553593847264580e-01 2.645046406152735674e-01 2.559400000000000008e-01 2.532352872221229068e-01 2.586447127778770949e-01 2.336000000000000229e-02 2.242383637154536993e-02 2.429616362845462771e-02 3.486000000000000210e-02 3.372314012104438846e-02 3.599685987895561573e-02
-4.700000000000000000e+01 3.797999999999999987e-02 3.679527481265187916e-02 3.916472518734812058e-02 6.139000000000000706e-02 5.990221732825646433e-02 6.287778267174354285e-02 2.620100000000000207e-01 2.592845873767556375e-01 2.647354126232444038e-01 2.596700000000000119e-01 2.569524868506491422e-01 2.623875131493508817e-01 2.460000000000000034e-02 2.363992088987863088e-02 2.556007911012136979e-02 3.740000000000000269e-02 3.622400135648919106e-02 3.857599864351081431e-02
-4.600000000000000000e+01 4.054000000000000659e-02 3.931762798098376033e-02 4.176237201901623897e-02 6.506000000000000671e-02 6.353138896331057828e-02 6.658861103668943515e-02 2.622600000000000486e-01 2.595337493310497234e-01 2.649862506689502628e-01 2.639000000000000234e-01 2.611682799202238447e-01 2.666317200797762021e-01 2.615000000000000310e-02 2.516092329828906876e-02 2.713907670171093051e-02 3.971000000000000224e-02 3.849968270922618507e-02 4.092031729077381941e-02
-4.500000000000000000e+01 4.323000000000000453e-02 4.196949525907080203e-02 4.449050474092919316e-02 6.858000000000000207e-02 6.701353891271506769e-02 7.014646108728493645e-02 2.626300000000000301e-01 2.599025111114244835e-01 2.653574888885754657e-01 2.691000000000000059e-01 2.663512583642230203e-01 2.718487416357769915e-01 2.790000000000000119e-02 2.687928225675875749e-02 2.892071774324124489e-02 4.186000000000000137e-02 4.061874163391464287e-02 4.310125836608535987e-02
-4.400000000000000000e+01 4.681000000000000438e-02 4.550079652215687637e-02 4.811920347784311852e-02 7.248000000000000276e-02 7.087298909122671797e-02 7.408701090877328754e-02 2.631700000000000150e-01 2.604407084464873123e-01 2.658992915535127177e-01 2.746800000000000352e-01 2.719135269946367783e-01 2.774464730053631811e-01 3.010000000000000175e-02 2.904100278377723388e-02 3.115899721622276269e-02 4.440000000000000197e-02 4.312333295891977031e-02 4.567666704108023362e-02
-4.300000000000000000e+01 5.092000000000000692e-02 4.955747744798201515e-02 5.228252255201798482e-02 7.655000000000000693e-02 7.490211317567892213e-02 7.819788682432109173e-02 2.639000000000000234e-01 2.611682799202238447e-01 2.666317200797762021e-01 2.818900000000000294e-01 2.791014180425668290e-01 2.846785819574331189e-01 3.271000000000000296e-02 3.160753017354528405e-02 3.381246982645472188e-02 4.715000000000000441e-02 4.583628484876431375e-02 4.846371515123568119e-02
-4.200000000000000000e+01 5.615000000000000546e-02 5.472316267577811283e-02 5.757683732422188422e-02 8.099000000000000643e-02 7.929907669794107605e-02 8.268092330205893681e-02 2.647599999999999953e-01 2.620254312881595271e-01 2.674945687118404636e-01 2.898600000000000065e-01 2.870480070801837424e-01 2.926719929198162706e-01 3.610000000000000014e-02 3.494384068624890177e-02 3.725615931375109852e-02 5.005000000000000421e-02 4.869854837294760458e-02 5.140145162705238996e-02
-4.100000000000000000e+01 6.139000000000000706e-02 5.990221732825646433e-02 6.287778267174354285e-02 8.555000000000000104e-02 8.381644318325057186e-02 8.728355681674943023e-02 2.655399999999999983e-01 2.628028591854272289e-01 2.682771408145727676e-01 2.994600000000000040e-01 2.966212054018103061e-01 3.022987945981897018e-01 3.946000000000000202e-02 3.825334154872581799e-02 4.066665845127418605e-02 5.296000000000000707e-02 5.157194638808258735e-02 5.434805361191741291e-02
-4.000000000000000000e+01 6.738000000000000933e-02 6.582630432547917354e-02 6.893369567452081736e-02 9.081000000000000183e-02 8.902908884561182290e-02 9.259091115438818076e-02 2.664000000000000257e-01 2.636600359629268642e-01 2.691399640370731872e-01 3.100100000000000078e-01 3.071434643925012309e-01 3.128765356074987847e-01 4.334000000000000352e-02 4.207796513676972938e-02 4.460203486323026378e-02 5.621000000000000302e-02 5.478244592071010444e-02 5.763755407928990160e-02
-3.900000000000000000e+01 7.426000000000000656e-02 7.263493746426610831e-02 7.588506253573390481e-02 9.628000000000000447e-02 9.445176053874679289e-02 9.810823946125321604e-02 2.678400000000000225e-01 2.650953383863137169e-01 2.705846616136863281e-01 3.215400000000000480e-01 3.186451389778617860e-01 3.244348610221381990e-01 4.759000000000000730e-02 4.627047410702211233e-02 4.890952589297788838e-02 5.959000000000000408e-02 5.812278620032588355e-02 6.105721379967411072e-02
-3.800000000000000000e+01 8.199000000000000732e-02 8.028959552104010522e-02 8.369040447895988166e-02 1.022600000000000037e-01 1.003820835194950412e-01 1.041379164805049662e-01 2.695500000000000118e-01 2.667998080545396222e-01 2.723001919454604014e-01 3.346300000000000385e-01 3.317054292267711535e-01 3.375545707732288125e-01 5.266000000000000542e-02 5.127566418173305773e-02 5.404433581826693922e-02 6.370000000000000662e-02 6.218635051007152803e-02 6.521364948992848520e-02
-3.700000000000000000e+01 9.046000000000001262e-02 8.868218205985728408e-02 9.223781794014271340e-02 1.080500000000000071e-01 1.061258863013519321e-01 1.099741136986480544e-01 2.716600000000000126e-01 2.689030555210698004e-01 2.744169444789302248e-01 3.487000000000000099e-01 3.457463121006063567e-01 3.516536878993936632e-01 5.798000000000000376e-02 5.653150414015464809e-02 5.942849585984534555e-02 6.739000000000000545e-02 6.583619736659823696e-02 6.894380263340177395e-02
-3.600000000000000000e+01 9.944000000000001449e-02 9.758525172697393724e-02 1.012947482730260640e-01 1.144800000000000123e-01 1.125066137918950687e-01 1.164533862081049281e-01 2.743400000000000283e-01 2.715745917737760751e-01 2.771054082262238705e-01 3.636800000000000033e-01 3.606984260383400698e-01 3.666615739616599368e-01 6.351000000000001089e-02 6.199845625820589456e-02 6.502154374179409946e-02 7.187000000000000333e-02 7.026923964908772524e-02 7.347076035091228141e-02
-3.500000000000000000e+01 1.089900000000000035e-01 1.070585533954704627e-01 1.109214466045295444e-01 1.207000000000000156e-01 1.186808421922913304e-01 1.227191578077086731e-01 2.775500000000000189e-01 2.747746190400475741e-01 2.803253809599524637e-01 3.783200000000000451e-01 3.753141923218115683e-01 3.813258076781884109e-01 6.958999999999999908e-02 6.801290195264281246e-02 7.116709804735718570e-02 7.572000000000000952e-02 7.408033482969336725e-02 7.735966517030662404e-02
-3.400000000000000000e+01 1.181400000000000089e-01 1.161394638834416654e-01 1.201405361165583247e-01 1.269300000000000150e-01 1.248667361751186061e-01 1.289932638248813546e-01 2.815600000000000325e-01 2.787724104911011858e-01 2.843475895088987682e-01 3.924200000000000466e-01 3.893936065209562813e-01 3.954463934790437007e-01 7.541000000000000481e-02 7.377342030950082008e-02 7.704657969049918953e-02 7.989000000000000268e-02 7.820959418018622045e-02 8.157040581981378491e-02
-3.300000000000000000e+01 1.263299999999999979e-01 1.242709113216508704e-01 1.283890886783491114e-01 1.327100000000000224e-01 1.306072769034373471e-01 1.348127230965626422e-01 2.865600000000000369e-01 2.837575711013663460e-01 2.893624288986336168e-01 4.055200000000000471e-01 4.024768535416155535e-01 4.085631464583844297e-01 8.089999999999999969e-02 7.920993372766069185e-02 8.259006627233930753e-02 8.386000000000000398e-02 8.214206612733941648e-02 8.557793387266059149e-02
-3.200000000000000000e+01 1.333400000000000141e-01 1.312330574557816765e-01 1.354469425442182962e-01 1.385699999999999987e-01 1.364286251598315625e-01 1.407113748401684350e-01 2.926700000000000412e-01 2.898500056777952860e-01 2.954899943222046854e-01 4.179900000000000282e-01 4.149329942170702501e-01 4.210470057829296953e-01 8.564000000000000778e-02 8.390561691301054448e-02 8.737438308698944334e-02 8.758000000000000507e-02 8.582794409503685662e-02 8.933205590496315351e-02
-3.100000000000000000e+01 1.397100000000000009e-01 1.375612579904904320e-01 1.418587420095095697e-01 1.440800000000000136e-01 1.419034606252513597e-01 1.462565393747486675e-01 3.005500000000000393e-01 2.977082570291368357e-01 3.033917429708631319e-01 4.287900000000000600e-01 4.257226148113612552e-01 4.318573851886387538e-01 8.977000000000000257e-02 8.799830370811446978e-02 9.154169629188553536e-02 9.131000000000000227e-02 8.952468383709619171e-02 9.309531616290381284e-02
-3.000000000000000000e+01 1.454600000000000060e-01 1.432748257165761263e-01 1.476451742834238856e-01 1.494600000000000095e-01 1.472501746493560248e-01 1.516698253506439942e-01 3.102500000000000258e-01 3.073828537877477118e-01 3.131171462122523397e-01 4.387100000000000444e-01 4.356343953390886536e-01 4.417856046609113241e-01 9.349000000000000365e-02 9.168566584326702518e-02 9.529433415673298213e-02 9.496000000000000274e-02 9.314301086217596781e-02 9.677698913782403767e-02
-2.900000000000000000e+01 1.511100000000000221e-01 1.488901664925477708e-01 1.533298335074522178e-01 1.545400000000000107e-01 1.522996540955512401e-01 1.567803459044487813e-01 3.220500000000000029e-01 3.191539331978319183e-01 3.249460668021680876e-01 4.478400000000000158e-01 4.447579335174168813e-01 4.509220664825831504e-01 9.735000000000000597e-02 9.551271824556485657e-02 9.918728175443515538e-02 9.850000000000000422e-02 9.665307580016047062e-02 1.003469241998395378e-01
-2.800000000000000000e+01 1.578100000000000058e-01 1.555504581415586562e-01 1.600695418584413554e-01 1.592000000000000082e-01 1.569324024753735725e-01 1.614675975246264439e-01 3.366500000000000048e-01 3.337210715189060095e-01 3.395789284810940001e-01 4.560300000000000464e-01 4.529430309705300695e-01 4.591169690294699124e-01 1.019900000000000112e-01 1.001142823140356575e-01 1.038657176859643372e-01 1.017500000000000071e-01 9.987624021885459225e-02 1.036237597811453942e-01
-2.700000000000000000e+01 1.656800000000000217e-01 1.633756445990922068e-01 1.679843554009077811e-01 1.640000000000000069e-01 1.617050503923779803e-01 1.662949496076220335e-01 3.541000000000000258e-01 3.511358942307424846e-01 3.570641057692575671e-01 4.636100000000000221e-01 4.605192432607979058e-01 4.667007567392021383e-01 1.070300000000000140e-01 1.051138950709373382e-01 1.089461049290626621e-01 1.052600000000000063e-01 1.033579225340857388e-01 1.071620774659142739e-01
-2.600000000000000000e+01 1.744300000000000017e-01 1.720780091227755992e-01 1.767819908772244042e-01 1.688100000000000156e-01 1.664883468864786498e-01 1.711316531135213259e-01 3.737500000000000266e-01 3.707514412579719365e-01 3.767485587420281168e-01 4.713600000000000567e-01 4.682661128816447693e-01 4.744538871183552331e-01 1.134200000000000069e-01 1.114545958103812656e-01 1.153854041896187482e-01 1.088000000000000078e-01 1.068700319137636384e-01 1.107299680862363495e-01
-2.500000000000000000e+01 1.847800000000000276e-01 1.823744577709568160e-01 1.871855422290431836e-01 1.733800000000000063e-01 1.710336081325256052e-01 1.757263918674744074e-01 3.974300000000000055e-01 3.943969318591871720e-01 4.004630681408128390e-01 4.784300000000000219e-01 4.753339098701435672e-01 4.815260901298564766e-01 1.203300000000000064e-01 1.183135152591634626e-01 1.223464847408365502e-01 1.120300000000000046e-01 1.100751456469215295e-01 1.139848543530784797e-01
-2.400000000000000000e+01 1.954900000000000249e-01 1.930320327746576636e-01 1.979479672253423306e-01 1.776400000000000201e-01 1.752710850856507574e-01 1.800089149143492273e-01 4.230000000000000426e-01 4.199379929852699034e-01 4.260620070147300709e-01 4.849100000000000632e-01 4.818124364834853735e-01 4.880075635165146419e-01 1.276400000000000035e-01 1.255718151109076475e-01 1.297081848890923594e-01 1.151300000000000101e-01 1.131517458793586672e-01 1.171082541206413252e-01
-2.300000000000000000e+01 2.078800000000000092e-01 2.053649308249380079e-01 2.103950691750620106e-01 1.817300000000000026e-01 1.793399349631472073e-01 1.841200650368527980e-01 4.519300000000000539e-01 4.488453798440906195e-01 4.550146201559093773e-01 4.913700000000000290e-01 4.882714864769875374e-01 4.944685135230124096e-01 1.358499999999999985e-01 1.337264011595152846e-01 1.379735988404847125e-01 1.185000000000000081e-01 1.164968271539196520e-01 1.205031728460803364e-01
-2.200000000000000000e+01 2.212300000000000100e-01 2.186573855346675976e-01 2.238026144653324223e-01 1.860700000000000132e-01 1.836579861464017749e-01 1.884820138535982514e-01 4.822400000000000575e-01 4.791429803981056001e-01 4.853370196018944038e-01 4.977000000000000313e-01 4.946010576258078051e-01 5.007989423741920909e-01 1.450200000000000100e-01 1.428375715258588252e-01 1.472024284741411948e-01 1.219100000000000045e-01 1.198821432519443231e-01 1.239378567480556859e-01
-2.100000000000000000e+01 2.342400000000000315e-01 2.316150262838445606e-01 2.368649737161554469e-01 1.900700000000000167e-01 1.876381957048428029e-01 1.925018042951571751e-01 5.131000000000000005e-01 5.100020886513243479e-01 5.161979113486756532e-01 5.033199999999999896e-01 5.002210931555178819e-01 5.064189068444820974e-01 1.544900000000000162e-01 1.522499503118948938e-01 1.567300496881050831e-01 1.250500000000000222e-01 1.229998692636430496e-01 1.271001307363569532e-01
-2.000000000000000000e+01 2.479900000000000160e-01 2.453134400008825100e-01 2.506665599991174664e-01 1.939800000000000135e-01 1.915292473685692720e-01 1.964307526314307550e-01 5.438000000000000611e-01 5.407129381332509421e-01 5.468870618667489580e-01 5.089700000000000335e-01 5.058715235712700764e-01 5.120684764287299906e-01 1.644300000000000206e-01 1.621326347965385550e-01 1.667273652034614306e-01 1.281500000000000139e-01 1.260782932444427240e-01 1.302217067555572483e-01
-1.900000000000000000e+01 2.595400000000000484e-01 2.568229286536028444e-01 2.622570713463971415e-01 1.980900000000000161e-01 1.956197427553458545e-01 2.005602572446541221e-01 5.705600000000000671e-01 5.674920378393807363e-01 5.736279621606191759e-01 5.142400000000000304e-01 5.111422818989240779e-01 5.173377181010759829e-01 1.727100000000000024e-01 1.703671972750807340e-01 1.750528027249192708e-01 1.316500000000000170e-01 1.295544118833393266e-01 1.337455881166606519e-01
-1.800000000000000000e+01 2.690000000000000169e-01 2.662515811435618995e-01 2.717484188564381342e-01 2.018200000000000272e-01 1.993323996303765777e-01 2.043076003696234211e-01 5.925500000000000211e-01 5.895045760885531116e-01 5.955954239114469306e-01 5.190800000000000969e-01 5.159832820019912836e-01 5.221767179980086881e-01 1.802700000000000136e-01 1.778874323808623814e-01 1.826525676191376457e-01 1.350600000000000134e-01 1.329416171359887600e-01 1.371783828640112668e-01
-1.700000000000000000e+01 2.762499999999999956e-01 2.734786363091735173e-01 2.790213636908264738e-01 2.057100000000000040e-01 2.032046676828747345e-01 2.082153323171252735e-01 6.087800000000000988e-01 6.057552547489692962e-01 6.118047452510306794e-01 5.239000000000000323e-01 5.208045671942673760e-01 5.269954328057326887e-01 1.865200000000000191e-01 1.841057389135588584e-01 1.889342610864411243e-01 1.388600000000000112e-01 1.367167464446508995e-01 1.410032535553491229e-01
-1.600000000000000000e+01 2.810000000000000275e-01 2.782140988914281188e-01 2.837859011085719363e-01 2.097000000000000253e-01 2.071768486791572272e-01 2.122231513208427678e-01 6.194800000000000306e-01 6.164708039720120381e-01 6.224891960279880232e-01 5.290100000000000913e-01 5.259162453072762089e-01 5.321037546927237516e-01 1.912100000000000188e-01 1.887726310278657893e-01 1.936473689721341929e-01 1.431600000000000095e-01 1.409892550360551111e-01 1.453307449639449078e-01
-1.500000000000000000e+01 2.837000000000000077e-01 2.809060075096007081e-01 2.864939924903993074e-01 2.130200000000000149e-01 2.104823008807534812e-01 2.155576991192464931e-01 6.254100000000000215e-01 6.224100874749055601e-01 6.284099125250944828e-01 5.330600000000000893e-01 5.299678063926855920e-01 5.361521936073143646e-01 1.948900000000000077e-01 1.924348926907160640e-01 1.973451073092839514e-01 1.470500000000000140e-01 1.448549602352613708e-01 1.492450397647386018e-01
-1.400000000000000000e+01 2.848900000000000321e-01 2.820924805207057351e-01 2.876875194792942181e-01 2.165500000000000203e-01 2.139971057361772233e-01 2.191028942638227617e-01 6.279600000000000737e-01 6.249642270208720651e-01 6.309557729791278602e-01 5.374400000000000288e-01 5.343497250503517204e-01 5.405302749496483372e-01 1.977900000000000214e-01 1.953211523440159525e-01 2.002588476559840347e-01 1.510500000000000176e-01 1.488305288092354739e-01 1.532694711907645058e-01
-1.300000000000000000e+01 2.852500000000000036e-01 2.824514182378944360e-01 2.880485817621055711e-01 2.197500000000000286e-01 2.171835700101014954e-01 2.223164299898985063e-01 6.287800000000000056e-01 6.257855771103358888e-01 6.317744228896641223e-01 5.417000000000000703e-01 5.386118211987567239e-01 5.447881788012431947e-01 2.005500000000000060e-01 1.980682668743787289e-01 2.030317331256212832e-01 1.551600000000000201e-01 1.529159878169829845e-01 1.574040121830170003e-01
-1.200000000000000000e+01 2.854099999999999970e-01 2.826109468125314050e-01 2.882090531874685890e-01 2.230200000000000238e-01 2.204399690444732163e-01 2.256000309555267758e-01 6.290000000000000036e-01 6.260059409008198461e-01 6.319940590991801610e-01 5.458300000000000374e-01 5.427440704030929153e-01 5.489159295969071595e-01 2.031500000000000250e-01 2.006562966262864789e-01 2.056437033737135156e-01 1.594900000000000206e-01 1.572207295259955562e-01 1.617592704740044296e-01
-1.100000000000000000e+01 2.854400000000000270e-01 2.826408584682275071e-01 2.882391415317725469e-01 2.262200000000000322e-01 2.236268816396085601e-01 2.288131183603914487e-01 6.290200000000000236e-01 6.260259740056668409e-01 6.320140259943332062e-01 5.497100000000000319e-01 5.466263785294545041e-01 5.527936214705455598e-01 2.061400000000000177e-01 2.036327295236741164e-01 2.086472704763258634e-01 1.640700000000000214e-01 1.617746567717393003e-01 1.663653432282606870e-01
-1.000000000000000000e+01 2.854600000000000470e-01 2.826607995804354956e-01 2.882592004195644875e-01 2.295500000000000318e-01 2.269434925575473938e-01 2.321565074424526143e-01 6.290200000000000236e-01 6.260259740056668409e-01 6.320140259943332062e-01 5.533900000000000485e-01 5.503087426963126916e-01 5.564712573036874055e-01 2.091400000000000203e-01 2.066193273565366528e-01 2.116606726434633323e-01 1.688100000000000156e-01 1.664883468864786498e-01 1.711316531135213259e-01
-9.000000000000000000e+00 2.855400000000000160e-01 2.827405640965442446e-01 2.883394359034557874e-01 2.325500000000000067e-01 2.299316282409576695e-01 2.351683717590423439e-01 6.290200000000000236e-01 6.260259740056668409e-01 6.320140259943332062e-01 5.567800000000000527e-01 5.537010716745502936e-01 5.598589283254498117e-01 2.127600000000000047e-01 2.102234311305690717e-01 2.152965688694309376e-01 1.740500000000000103e-01 1.717000318097911538e-01 1.763999681902088668e-01
-8.000000000000000000e+00 2.855800000000000005e-01 2.827804463949585290e-01 2.883795536050414721e-01 2.353100000000000191e-01 2.326808764920408612e-01 2.379391235079591216e-01 6.290200000000000236e-01 6.260259740056668409e-01 6.320140259943332062e-01 5.603800000000001003e-01 5.573037039671219217e-01 5.634562960328780568e-01 2.166300000000000170e-01 2.140767645907965533e-01 2.191832354092034252e-01 1.791500000000000037e-01 1.767732232059320285e-01 1.815267767940679788e-01
-7.000000000000000000e+00 2.856600000000000250e-01 2.828602110724899865e-01 2.884597889275100635e-01 2.382200000000000151e-01 2.355797078507633757e-01 2.408602921492365989e-01 6.290200000000000236e-01 6.260259740056668409e-01 6.320140259943332062e-01 5.634000000000000119e-01 5.603260388243241907e-01 5.664739611756758331e-01 2.204100000000000226e-01 2.178408061832023679e-01 2.229791938167976217e-01 1.845400000000000096e-01 1.821356666494197973e-01 1.869443333505802218e-01
-6.000000000000000000e+00 2.857300000000000395e-01 2.829300052535810850e-01 2.885299947464188830e-01 2.407100000000000073e-01 2.380602860172995883e-01 2.433597139827004263e-01 6.290200000000000236e-01 6.260259740056668409e-01 6.320140259943332062e-01 5.666400000000000325e-01 5.635686725823385590e-01 5.697113274176615061e-01 2.241100000000000314e-01 2.215254866126361855e-01 2.266945133873638218e-01 1.896100000000000285e-01 1.871804505284392905e-01 1.920395494715607110e-01
-5.000000000000000000e+00 2.858700000000000130e-01 2.830695938627913466e-01 2.886704061372086794e-01 2.432500000000000218e-01 2.405908016642364089e-01 2.459091983357635791e-01 6.290200000000000236e-01 6.260259740056668409e-01 6.320140259943332062e-01 5.698700000000000987e-01 5.668014312675417887e-01 5.729385687324581866e-01 2.285300000000000109e-01 2.259275690093209277e-01 2.311324309906790941e-01 1.950500000000000289e-01 1.925941291701947222e-01 1.975058708298052801e-01
-4.000000000000000000e+00 2.860100000000000420e-01 2.832091828012513468e-01 2.888108171987486261e-01 2.458800000000000152e-01 2.432111146198255025e-01 2.485488853801744724e-01 6.290300000000000891e-01 6.260359905601521335e-01 6.320240094398478226e-01 5.728100000000000414e-01 5.697440580656035758e-01 5.758759419343965069e-01 2.332400000000000306e-01 2.306189257023130712e-01 2.358610742976869346e-01 2.011200000000000210e-01 1.986356287457132497e-01 2.036043712542867368e-01
-3.000000000000000000e+00 2.861500000000000155e-01 2.833487720688160905e-01 2.889512279311839404e-01 2.485200000000000187e-01 2.458415257421034672e-01 2.511984742578965424e-01 6.290300000000000891e-01 6.260359905601521335e-01 6.320240094398478226e-01 5.759700000000000930e-01 5.729070048112669955e-01 5.790329951887329685e-01 2.383300000000000141e-01 2.356892890112505246e-01 2.409707109887494481e-01 2.074100000000000110e-01 2.048970304219454031e-01 2.099229695780546190e-01
-2.000000000000000000e+00 2.863500000000000489e-01 2.835481858788034271e-01 2.891518141211965598e-01 2.510300000000000309e-01 2.483425331541223580e-01 2.537174668458775928e-01 6.290300000000000891e-01 6.260359905601521335e-01 6.320240094398478226e-01 5.789100000000000357e-01 5.758498615144046484e-01 5.819701384855954229e-01 2.434800000000000297e-01 2.408199491148219906e-01 2.461400508851780133e-01 2.138700000000000045e-01 2.113286164719242466e-01 2.164113835280757625e-01
-1.000000000000000000e+00 2.866500000000000159e-01 2.838473078516387527e-01 2.894526921483612791e-01 2.535400000000000431e-01 2.508436603118905373e-01 2.562363396881094380e-01 6.290300000000000891e-01 6.260359905601521335e-01 6.320240094398478226e-01 5.818100000000000493e-01 5.787527883664304040e-01 5.848672116335696947e-01 2.487700000000000189e-01 2.460906246624215143e-01 2.514493753375784402e-01 2.204600000000000171e-01 2.178905971888965287e-01 2.230294028111034499e-01
0.000000000000000000e+00 2.869800000000000129e-01 2.841763437636334322e-01 2.897836562363665935e-01 2.559899999999999953e-01 2.532851139282374375e-01 2.586948860717625531e-01 6.290300000000000891e-01 6.260359905601521335e-01 6.320240094398478226e-01 5.844100000000000961e-01 5.813555047449669999e-01 5.874644952550329702e-01 2.544700000000000295e-01 2.517704029309175140e-01 2.571695970690824340e-01 2.274100000000000288e-01 2.248120702012017524e-01 2.300079297987982496e-01
1.000000000000000000e+00 2.873200000000000198e-01 2.845153523675183482e-01 2.901246476324816914e-01 2.583400000000000141e-01 2.556270215312514971e-01 2.610529784687485311e-01 6.290499999999999980e-01 6.260560236732466421e-01 6.320439763267533539e-01 5.869400000000000173e-01 5.838882319970867263e-01 5.899917680029133082e-01 2.599700000000000344e-01 2.572514684908259186e-01 2.626885315091740392e-01 2.341900000000000093e-01 2.315652207695933218e-01 2.368147792304066968e-01
2.000000000000000000e+00 2.879400000000000293e-01 2.851335495026731115e-01 2.907464504973268360e-01 2.610200000000000298e-01 2.582979172336491436e-01 2.637420827663508049e-01 6.290600000000000636e-01 6.260660402318558582e-01 6.320539597681440469e-01 5.892600000000000060e-01 5.862108058975231684e-01 5.923091941024768436e-01 2.658500000000000307e-01 2.631118399806702812e-01 2.685881600193296692e-01 2.413300000000000167e-01 2.386779591883636253e-01 2.439820408116363526e-01
3.000000000000000000e+00 2.887399999999999967e-01 2.859312327037061285e-01 2.915487672962938648e-01 2.638500000000000290e-01 2.611184459496856958e-01 2.665815540503142511e-01 6.290800000000000836e-01 6.260860733531982136e-01 6.320739266468017314e-01 5.916200000000000347e-01 5.885734960400333948e-01 5.946665039599666747e-01 2.712100000000000066e-01 2.684544890396542427e-01 2.739655109603457706e-01 2.481800000000000117e-01 2.455027531363262183e-01 2.508572468636738328e-01
4.000000000000000000e+00 2.895000000000000351e-01 2.866890416145665421e-01 2.923109583854334170e-01 2.665800000000000392e-01 2.638394467359616025e-01 2.693205532640383648e-01 6.291000000000001036e-01 6.261061064800393927e-01 6.320938935199605924e-01 5.939200000000000035e-01 5.908761877094846904e-01 5.969638122905153166e-01 2.764500000000000290e-01 2.736780163644255692e-01 2.792219836355743778e-01 2.548000000000000265e-01 2.520992509875248366e-01 2.575007490124752163e-01
5.000000000000000000e+00 2.904400000000000315e-01 2.876263448522169974e-01 2.932536551477829545e-01 2.691400000000000459e-01 2.663911293022289684e-01 2.718888706977710124e-01 6.291100000000000581e-01 6.261161230455221105e-01 6.321038769544777836e-01 5.962800000000000322e-01 5.932390215346283746e-01 5.993209784653716898e-01 2.810700000000000420e-01 2.782838875489698771e-01 2.838561124510300959e-01 2.606200000000000183e-01 2.578992677114610999e-01 2.633407322885389368e-01
6.000000000000000000e+00 2.916300000000000003e-01 2.888129518507529525e-01 2.944470481492470482e-01 2.721500000000000030e-01 2.693914986329728478e-01 2.749085013670271582e-01 6.291500000000000981e-01 6.261561893212008734e-01 6.321438106787991007e-01 5.983900000000000885e-01 5.953516170266711649e-01 6.014283829733287901e-01 2.856400000000000050e-01 2.828402698930203019e-01 2.884397301069797082e-01 2.667400000000000326e-01 2.639989234661842543e-01 2.694810765338156999e-01
7.000000000000000000e+00 2.928499999999999992e-01 2.900294975711054102e-01 2.956705024288945882e-01 2.749300000000000077e-01 2.721627453539656183e-01 2.776972546460343971e-01 6.292100000000000470e-01 6.262162887759653573e-01 6.322037112240347367e-01 6.004700000000000593e-01 5.974342329284689779e-01 6.035057670715309186e-01 2.891299999999999981e-01 2.863201071292170719e-01 2.919398928707829244e-01 2.716200000000000281e-01 2.688631828004971469e-01 2.743768171995027982e-01
8.000000000000000000e+00 2.946700000000000430e-01 2.918443899233607031e-01 2.974956100766392719e-01 2.781600000000000183e-01 2.753827440745446054e-01 2.809372559254554313e-01 6.292600000000000415e-01 6.262663716927480140e-01 6.322536283072520691e-01 6.023300000000000320e-01 5.992966204618275228e-01 6.053633795381725413e-01 2.925900000000000167e-01 2.897702316740622952e-01 2.954097683259377383e-01 2.763300000000000201e-01 2.735583882481062434e-01 2.791016117518937967e-01
9.000000000000000000e+00 2.972899999999999987e-01 2.944571321970017586e-01 3.001228678029982389e-01 2.821400000000000019e-01 2.793506674211692076e-01 2.849293325788307962e-01 6.292800000000000615e-01 6.262864048690865992e-01 6.322735951309133018e-01 6.040900000000000158e-01 6.010589217374935345e-01 6.071210782625064972e-01 2.963900000000000423e-01 2.935596127057711890e-01 2.992203872942287846e-01 2.813900000000000290e-01 2.786029224761695233e-01 2.841770775238304236e-01
1.000000000000000000e+01 3.003700000000000259e-01 2.975287425981522071e-01 3.032112574018478446e-01 2.865300000000000069e-01 2.837276588814455214e-01 2.893323411185544924e-01 6.294100000000000250e-01 6.264166206493745337e-01 6.324033793506255163e-01 6.062500000000000666e-01 6.032218021259244667e-01 6.092781978740754445e-01 3.000700000000000034e-01 2.972295530380421047e-01 3.029104469619579021e-01 2.862500000000000044e-01 2.834484788899177543e-01 2.890515211100822546e-01
1.100000000000000000e+01 3.041100000000000469e-01 3.012587602339675819e-01 3.069612397660324010e-01 2.914700000000000069e-01 2.886534066909678953e-01 2.942865933090321184e-01 6.295100000000000140e-01 6.265167867923863154e-01 6.325032132076137126e-01 6.080100000000000504e-01 6.049841949310080791e-01 6.110358050689920217e-01 3.040000000000000480e-01 3.011490506438770920e-01 3.068509493561228929e-01 2.913600000000000079e-01 2.885437196387840575e-01 2.941762803612159582e-01
1.200000000000000000e+01 3.081600000000000450e-01 3.052982014604517236e-01 3.110217985395482554e-01 2.964900000000000313e-01 2.936593364435088338e-01 2.993206635564911178e-01 6.295600000000000085e-01 6.265668699154790522e-01 6.325531300845209648e-01 6.097200000000000397e-01 6.066965592677611152e-01 6.127434407322389642e-01 3.081100000000000505e-01 3.052483302357777428e-01 3.109716697642222472e-01 2.964400000000000368e-01 2.936094745543051387e-01 2.992705254456948238e-01
1.300000000000000000e+01 3.134600000000000164e-01 3.105847733943296052e-01 3.163352266056704276e-01 3.028200000000000336e-01 2.999721780795169268e-01 3.056678219204830294e-01 6.297400000000000775e-01 6.267471694434240126e-01 6.327328305565759203e-01 6.112200000000000966e-01 6.081986653805505627e-01 6.142413346194494084e-01 3.134600000000000164e-01 3.105847733943296052e-01 3.163352266056704276e-01 3.028200000000000336e-01 2.999721780795169268e-01 3.056678219204830294e-01
1.400000000000000000e+01 3.197900000000000187e-01 3.168993065612419890e-01 3.226806934387580483e-01 3.102100000000000413e-01 3.073429554925811713e-01 3.130770445074188002e-01 6.298400000000000665e-01 6.268473360404993588e-01 6.328326639595005521e-01 6.130900000000000238e-01 6.100713331566669506e-01 6.161086668433330971e-01 3.197900000000000187e-01 3.168993065612419890e-01 3.226806934387580483e-01 3.102100000000000413e-01 3.073429554925811713e-01 3.130770445074188002e-01
1.500000000000000000e+01 3.273400000000000198e-01 3.244316582916170200e-01 3.302483417083830197e-01 3.187200000000000033e-01 3.158318777703976177e-01 3.216081222296023889e-01 6.300499999999999989e-01 6.270576863424174308e-01 6.330423136575825671e-01 6.148500000000000076e-01 6.118338868453482293e-01 6.178661131546517860e-01 3.273400000000000198e-01 3.244316582916170200e-01 3.302483417083830197e-01 3.187200000000000033e-01 3.158318777703976177e-01 3.216081222296023889e-01
1.600000000000000000e+01 3.364600000000000368e-01 3.335314788455837620e-01 3.393885211544162006e-01 3.286300000000000332e-01 3.257187288279812520e-01 3.315412711720187033e-01 6.303800000000000514e-01 6.273882380437848516e-01 6.333717619562152512e-01 6.163900000000001045e-01 6.133761554854267883e-01 6.194038445145731986e-01 3.364600000000000368e-01 3.335314788455837620e-01 3.393885211544162006e-01 3.286300000000000332e-01 3.257187288279812520e-01 3.315412711720187033e-01
1.700000000000000000e+01 3.476900000000000546e-01 3.447383068378695459e-01 3.506416931621304522e-01 3.406700000000000284e-01 3.377325772457746567e-01 3.436074227542252890e-01 6.308100000000000929e-01 6.278189591786552670e-01 6.338010408213446967e-01 6.179000000000000048e-01 6.148884109633487860e-01 6.209115890366512236e-01 3.476900000000000546e-01 3.447383068378695459e-01 3.506416931621304522e-01 3.406700000000000284e-01 3.377325772457746567e-01 3.436074227542252890e-01
1.800000000000000000e+01 3.610800000000000121e-01 3.581030396563646967e-01 3.640569603436353274e-01 3.546600000000000308e-01 3.516948375734943455e-01 3.576251624265056051e-01 6.313300000000000578e-01 6.283398346542587998e-01 6.343201653457410938e-01 6.194500000000000561e-01 6.164407582206167246e-01 6.224592417793831656e-01 3.610800000000000121e-01 3.581030396563646967e-01 3.640569603436353274e-01 3.546600000000000308e-01 3.516948375734943455e-01 3.576251624265056051e-01
1.900000000000000000e+01 3.760700000000000154e-01 3.730677256900001293e-01 3.790722743099999015e-01 3.701400000000000245e-01 3.671473693764310542e-01 3.731326306235689949e-01 6.319600000000000772e-01 6.289709003256154229e-01 6.349490996743845095e-01 6.211500000000000909e-01 6.181433700340883686e-01 6.241566299659115913e-01 3.760700000000000154e-01 3.730677256900001293e-01 3.790722743099999015e-01 3.701400000000000245e-01 3.671473693764310542e-01 3.731326306235689949e-01
2.000000000000000000e+01 3.936800000000000299e-01 3.906518965078246697e-01 3.967081034921752791e-01 3.883800000000000585e-01 3.853592320910157465e-01 3.914007679089842595e-01 6.329200000000000381e-01 6.299325347504068917e-01 6.359074652495931845e-01 6.232500000000000817e-01 6.202466505616784920e-01 6.262533494383214494e-01 3.936800000000000299e-01 3.906518965078246697e-01 3.967081034921752791e-01 3.883800000000000585e-01 3.853592320910157465e-01 3.914007679089842595e-01
2.100000000000000000e+01 4.142900000000000471e-01 4.112368957360827415e-01 4.173431042639172417e-01 4.093700000000000117e-01 4.063223587110346702e-01 4.124176412889653531e-01 6.338600000000000900e-01 6.308741474804814287e-01 6.368458525195185294e-01 6.251800000000000690e-01 6.221797184782257295e-01 6.281802815217741864e-01 4.142900000000000471e-01 4.112368957360827415e-01 4.173431042639172417e-01 4.093700000000000117e-01 4.063223587110346702e-01 4.124176412889653531e-01
2.200000000000000000e+01 4.374500000000000610e-01 4.343753699605742424e-01 4.405246300394257686e-01 4.329600000000000115e-01 4.298890070007214126e-01 4.360309929992786104e-01 6.350700000000000234e-01 6.320862414712790089e-01 6.380537585287210378e-01 6.274399999999999977e-01 6.244433756479826902e-01 6.304366243520173052e-01 4.374500000000000610e-01 4.343753699605742424e-01 4.405246300394257686e-01 4.329600000000000115e-01 4.298890070007214126e-01 4.360309929992786104e-01
2.300000000000000000e+01 4.649200000000000554e-01 4.618286614851112581e-01 4.680113385148887417e-01 4.606900000000000439e-01 4.576006172288484830e-01 4.637793827711514938e-01 6.366900000000000892e-01 6.337090768394405549e-01 6.396709231605594015e-01 6.298900000000000610e-01 6.268974193906522441e-01 6.328825806093476558e-01 4.649200000000000554e-01 4.618286614851112581e-01 4.680113385148887417e-01 4.606900000000000439e-01 4.576006172288484830e-01 4.637793827711514938e-01
2.400000000000000000e+01 4.932400000000000673e-01 4.901413080828760926e-01 4.963386919171239309e-01 4.894900000000000362e-01 4.863917095403302304e-01 4.925882904596697309e-01 6.386500000000000510e-01 6.356725561589453566e-01 6.416274438410547454e-01 6.326700000000000657e-01 6.296821078918162229e-01 6.356578921081836864e-01 4.932400000000000673e-01 4.901413080828760926e-01 4.963386919171239309e-01 4.894900000000000362e-01 4.863917095403302304e-01 4.925882904596697309e-01
2.500000000000000000e+01 5.233400000000000274e-01 5.202444030479262960e-01 5.264355969520737588e-01 5.197900000000000853e-01 5.166934531805719155e-01 5.228865468194280330e-01 6.410300000000000997e-01 6.380568532492317813e-01 6.440031467507681961e-01 6.357900000000000773e-01 6.328074971290114092e-01 6.387725028709885233e-01 5.233400000000000274e-01 5.202444030479262960e-01 5.264355969520737588e-01 5.197900000000000853e-01 5.166934531805719155e-01 5.228865468194280330e-01
2.600000000000000000e+01 5.542900000000000604e-01 5.512093468651997341e-01 5.573706531348001647e-01 5.510500000000000398e-01 5.479672196482116009e-01 5.541327803517884787e-01 6.441000000000000059e-01 6.411325136181627027e-01 6.470674863818373090e-01 6.395900000000001029e-01 6.366142438506972034e-01 6.425657561493027803e-01 5.542900000000000604e-01 5.512093468651997341e-01 5.573706531348001647e-01 5.510500000000000398e-01 5.479672196482116009e-01 5.541327803517884787e-01
2.700000000000000000e+01 5.838400000000000256e-01 5.807849017498508681e-01 5.868950982501491831e-01 5.808300000000000685e-01 5.777717871614147516e-01 5.838882128385851633e-01 6.481100000000000749e-01 6.451501076594169382e-01 6.510698923405829897e-01 6.442900000000000293e-01 6.413228682985748774e-01 6.472571317014251813e-01 5.838400000000000256e-01 5.807849017498508681e-01 5.868950982501491831e-01 5.808300000000000685e-01 5.777717871614147516e-01 5.838882128385851633e-01
2.800000000000000000e+01 6.119900000000000340e-01 6.089697582046956770e-01 6.150102417953043910e-01 6.091900000000000093e-01 6.061658222918885341e-01 6.122141777081114844e-01 6.534000000000000918e-01 6.504504759935765268e-01 6.563495240064234348e-01 6.501000000000000112e-01 6.471439610971290168e-01 6.530560389028710055e-01 6.119900000000000340e-01 6.089697582046956770e-01 6.150102417953043910e-01 6.091900000000000093e-01 6.061658222918885341e-01 6.122141777081114844e-01
2.900000000000000000e+01 6.352800000000000669e-01 6.322966069606751338e-01 6.382633930393247779e-01 6.329400000000000581e-01 6.299525689364474657e-01 6.359274310635524285e-01 6.594200000000000061e-01 6.564827648343142252e-01 6.623572351656857871e-01 6.567700000000000760e-01 6.538272906809453611e-01 6.597127093190545688e-01 6.352800000000000669e-01 6.322966069606751338e-01 6.382633930393247779e-01 6.329400000000000581e-01 6.299525689364474657e-01 6.359274310635524285e-01
3.000000000000000000e+01 6.543900000000000272e-01 6.514424609460390814e-01 6.573375390539609731e-01 6.523500000000000965e-01 6.493983861384269307e-01 6.553016138615730402e-01 6.669600000000001083e-01 6.640389016177699055e-01 6.698810983822300891e-01 6.647700000000000831e-01 6.618441285874264723e-01 6.676958714125734717e-01 6.543900000000000272e-01 6.514424609460390814e-01 6.573375390539609731e-01 6.523500000000000965e-01 6.493983861384269307e-01 6.553016138615730402e-01
3.100000000000000000e+01 6.701500000000000234e-01 6.672359812210234553e-01 6.730640187789765916e-01 6.684800000000000741e-01 6.655622561183894836e-01 6.713977438816104426e-01 6.755500000000000949e-01 6.726483118949041495e-01 6.784516881050958181e-01 6.738000000000000655e-01 6.708942678895091216e-01 6.767057321104907874e-01 6.701500000000000234e-01 6.672359812210234553e-01 6.730640187789765916e-01 6.684800000000000741e-01 6.655622561183894836e-01 6.713977438816104426e-01
3.200000000000000000e+01 6.848900000000001098e-01 6.820106822371825306e-01 6.877693177628174670e-01 6.835400000000000365e-01 6.806573662309676198e-01 6.864226337690324531e-01 6.868400000000000061e-01 6.839655217756483996e-01 6.897144782243516126e-01 6.854400000000000492e-01 6.825620412723029107e-01 6.883179587276971878e-01 6.848900000000001098e-01 6.820106822371825306e-01 6.877693177628174670e-01 6.835400000000000365e-01 6.806573662309676198e-01 6.864226337690324531e-01
3.300000000000000000e+01 6.999000000000000776e-01 6.970594719288765173e-01 7.027405280711234159e-01 6.988600000000000367e-01 6.960166690920539523e-01 7.017033309079461212e-01 7.003600000000000936e-01 6.975207171954478369e-01 7.031992828045521282e-01 6.993100000000000982e-01 6.964678797244632236e-01 7.021521202755367508e-01 6.999000000000000776e-01 6.970594719288765173e-01 7.027405280711234159e-01 6.988600000000000367e-01 6.960166690920539523e-01 7.017033309079461212e-01
3.400000000000000000e+01 7.169400000000000217e-01 7.141479142768814015e-01 7.197320857231186420e-01 7.161300000000000443e-01 7.133355021896820025e-01 7.189244978103180861e-01 7.169800000000000617e-01 7.141880336801962326e-01 7.197719663198036688e-01 7.161700000000000843e-01 7.133756210445230117e-01 7.189643789554769349e-01 7.169400000000000217e-01 7.141479142768814015e-01 7.197320857231186420e-01 7.161300000000000443e-01 7.133355021896820025e-01 7.189244978103180861e-01
3.500000000000000000e+01 7.358900000000000441e-01 7.331575830904555335e-01 7.386224169095445546e-01 7.353100000000000191e-01 7.325756626541585215e-01 7.380443373458415168e-01 7.358900000000000441e-01 7.331575830904555335e-01 7.386224169095445546e-01 7.353100000000000191e-01 7.325756626541585215e-01 7.380443373458415168e-01 7.358900000000000441e-01 7.331575830904555335e-01 7.386224169095445546e-01 7.353100000000000191e-01 7.325756626541585215e-01 7.380443373458415168e-01
3.600000000000000000e+01 7.583600000000000341e-01 7.557067986262079318e-01 7.610132013737921364e-01 7.579400000000000581e-01 7.552852292792621158e-01 7.605947707207377784e-01 7.583600000000000341e-01 7.557067986262079318e-01 7.610132013737921364e-01 7.579400000000000581e-01 7.552852292792621158e-01 7.605947707207377784e-01 7.583600000000000341e-01 7.557067986262079318e-01 7.610132013737921364e-01 7.579400000000000581e-01 7.552852292792621158e-01 7.605947707207377784e-01
3.700000000000000000e+01 7.841000000000000192e-01 7.815498828080732485e-01 7.866501171919267899e-01 7.838700000000000667e-01 7.813188990789654564e-01 7.864211009210344550e-01 7.841000000000000192e-01 7.815498828080732485e-01 7.866501171919267899e-01 7.838700000000000667e-01 7.813188990789654564e-01 7.864211009210344550e-01 7.841000000000000192e-01 7.815498828080732485e-01 7.866501171919267899e-01 7.838700000000000667e-01 7.813188990789654564e-01 7.864211009210344550e-01
3.800000000000000000e+01 8.132600000000000939e-01 8.108446421994894848e-01 8.156753578005104810e-01 8.131100000000001105e-01 8.106938951665275672e-01 8.155261048334724316e-01 8.132600000000000939e-01 8.108446421994894848e-01 8.156753578005104810e-01 8.131100000000001105e-01 8.106938951665275672e-01 8.155261048334724316e-01 8.132600000000000939e-01 8.108446421994894848e-01 8.156753578005104810e-01 8.131100000000001105e-01 8.106938951665275672e-01 8.155261048334724316e-01
3.900000000000000000e+01 8.443900000000000849e-01 8.421433346718942836e-01 8.466366653281056642e-01 8.442600000000001215e-01 8.420125694352630363e-01 8.465074305647369846e-01 8.443900000000000849e-01 8.421433346718942836e-01 8.466366653281056642e-01 8.442600000000001215e-01 8.420125694352630363e-01 8.465074305647369846e-01 8.443900000000000849e-01 8.421433346718942836e-01 8.466366653281056642e-01 8.442600000000001215e-01 8.420125694352630363e-01 8.465074305647369846e-01
4.000000000000000000e+01 8.754900000000001015e-01 8.734436693813986130e-01 8.775363306186013679e-01 8.754000000000000670e-01 8.733530351584997131e-01 8.774469648415001988e-01 8.754900000000001015e-01 8.734436693813986130e-01 8.775363306186013679e-01 8.754000000000000670e-01 8.733530351584997131e-01 8.774469648415001988e-01 8.754900000000001015e-01 8.734436693813986130e-01 8.775363306186013679e-01 8.754000000000000670e-01 8.733530351584997131e-01 8.774469648415001988e-01
4.100000000000000000e+01 9.061400000000000565e-01 9.043324679071333971e-01 9.079475320928664939e-01 9.061000000000001275e-01 9.042921226973746895e-01 9.079078773026253435e-01 9.061400000000000565e-01 9.043324679071333971e-01 9.079475320928664939e-01 9.061000000000001275e-01 9.042921226973746895e-01 9.079078773026253435e-01 9.061400000000000565e-01 9.043324679071333971e-01 9.079475320928664939e-01 9.061000000000001275e-01 9.042921226973746895e-01 9.079078773026253435e-01
4.200000000000000000e+01 9.333900000000000530e-01 9.318445698535604560e-01 9.349354301464396499e-01 9.333800000000000985e-01 9.318344621312790732e-01 9.349255378687209017e-01 9.333900000000000530e-01 9.318445698535604560e-01 9.349354301464396499e-01 9.333800000000000985e-01 9.318344621312790732e-01 9.349255378687209017e-01 9.333900000000000530e-01 9.318445698535604560e-01 9.349354301464396499e-01 9.333800000000000985e-01 9.318344621312790732e-01 9.349255378687209017e-01
4.300000000000000000e+01 9.568500000000000894e-01 9.555906094747780299e-01 9.581093905252219267e-01 9.568500000000000894e-01 9.555906094747780299e-01 9.581093905252219267e-01 9.568500000000000894e-01 9.555906094747780299e-01 9.581093905252219267e-01 9.568500000000000894e-01 9.555906094747780299e-01 9.581093905252219267e-01 9.568500000000000894e-01 9.555906094747780299e-01 9.581093905252219267e-01 9.568500000000000894e-01 9.555906094747780299e-01 9.581093905252219267e-01
4.400000000000000000e+01 9.752500000000000613e-01 9.742870723173917558e-01 9.762129276826081448e-01 9.752500000000000613e-01 9.742870723173917558e-01 9.762129276826081448e-01 9.752500000000000613e-01 9.742870723173917558e-01 9.762129276826081448e-01 9.752500000000000613e-01 9.742870723173917558e-01 9.762129276826081448e-01 9.752500000000000613e-01 9.742870723173917558e-01 9.762129276826081448e-01 9.752500000000000613e-01 9.742870723173917558e-01 9.762129276826081448e-01
4.500000000000000000e+01 9.877200000000000424e-01 9.870374032781041862e-01 9.884025967218958986e-01 9.877200000000000424e-01 9.870374032781041862e-01 9.884025967218958986e-01 9.877200000000000424e-01 9.870374032781041862e-01 9.884025967218958986e-01 9.877200000000000424e-01 9.870374032781041862e-01 9.884025967218958986e-01 9.877200000000000424e-01 9.870374032781041862e-01 9.884025967218958986e-01 9.877200000000000424e-01 9.870374032781041862e-01 9.884025967218958986e-01
4.600000000000000000e+01 9.947000000000000286e-01 9.942499797207746681e-01 9.951500202792253891e-01 9.947000000000000286e-01 9.942499797207746681e-01 9.951500202792253891e-01 9.947000000000000286e-01 9.942499797207746681e-01 9.951500202792253891e-01 9.947000000000000286e-01 9.942499797207746681e-01 9.951500202792253891e-01 9.947000000000000286e-01 9.942499797207746681e-01 9.951500202792253891e-01 9.947000000000000286e-01 9.942499797207746681e-01 9.951500202792253891e-01
4.700000000000000000e+01 9.983900000000001107e-01 9.981415087273985964e-01 9.986384912726014029e-01 9.983900000000001107e-01 9.981415087273985964e-01 9.986384912726014029e-01 9.983900000000001107e-01 9.981415087273985964e-01 9.986384912726014029e-01 9.983900000000001107e-01 9.981415087273985964e-01 9.986384912726014029e-01 9.983900000000001107e-01 9.981415087273985964e-01 9.986384912726014029e-01 9.983900000000001107e-01 9.981415087273985964e-01 9.986384912726014029e-01
4.800000000000000000e+01 9.996000000000000441e-01 9.994760657878201116e-01 9.997239342121799766e-01 9.996000000000000441e-01 9.994760657878201116e-01 9.997239342121799766e-01 9.996000000000000441e-01 9.994760657878201116e-01 9.997239342121799766e-01 9.996000000000000441e-01 9.994760657878201116e-01 9.997239342121799766e-01 9.996000000000000441e-01 9.994760657878201116e-01 9.997239342121799766e-01 9.996000000000000441e-01 9.994760657878201116e-01 9.997239342121799766e-01
4.900000000000000000e+01 9.999100000000000765e-01 9.998512037264746244e-01 9.999687962735253066e-01 9.999100000000000765e-01 9.998512037264746244e-01 9.999687962735253066e-01 9.999100000000000765e-01 9.998512037264746244e-01 9.999687962735253066e-01 9.999100000000000765e-01 9.998512037264746244e-01 9.999687962735253066e-01 9.999100000000000765e-01 9.998512037264746244e-01 9.999687962735253066e-01 9.999100000000000765e-01 9.998512037264746244e-01 9.999687962735253066e-01
5.000000000000000000e+01 9.999800000000000910e-01 9.999522822006950973e-01 1.000000000000000000e+00 9.999800000000000910e-01 9.999522822006950973e-01 1.000000000000000000e+00 9.999800000000000910e-01 9.999522822006950973e-01 1.000000000000000000e+00 9.999800000000000910e-01 9.999522822006950973e-01 1.000000000000000000e+00 9.999800000000000910e-01 9.999522822006950973e-01 1.000000000000000000e+00 9.999800000000000910e-01 9.999522822006950973e-01 1.000000000000000000e+00
5.100000000000000000e+01 1.000000000000000000e+00 1.000000000000000000e+00 1.000000000000000000e+00 1.000000000000000000e+00 1.000000000000000000e+00 1.000000000000000000e+00 1.000000000000000000e+00 1.000000000000000000e+00 1.000000000000000000e+00 1.000000000000000000e+00 1.000000000000000000e+00 1.000000000000000000e+00 1.000000000000000000e+00 1.000000000000000000e+00 1.000000000000000000e+00 1.000000000000000000e+00 1.000000000000000000e+00 1.000000000000000000e+00
5.200000000000000000e+01 1.000000000000000000e+00 1.000000000000000000e+00 1.000000000000000000e+00 1.000000000000000000e+00 1.000000000000000000e+00 1.000000000000000000e+00 1.000000000000000000e+00 1.000000000000000000e+00 1.000000000000000000e+00 1.000000000000000000e+00 1.000000000000000000e+00 1.000000000000000000e+00 1.000000000000000000e+00 1.000000000000000000e+00 1.000000000000000000e+00 1.000000000000000000e+00 1.000000000000000000e+00 1.000000000000000000e+00
5.300000000000000000e+01 1.000000000000000000e+00 1.000000000000000000e+00 1.000000000000000000e+00 1.000000000000000000e+00 1.000000000000000000e+00 1.000000000000000000e+00 1.000000000000000000e+00 1.000000000000000000e+00 1.000000000000000000e+00 1.000000000000000000e+00 1.000000000000000000e+00 1.000000000000000000e+00 1.000000000000000000e+00 1.000000000000000000e+00 1.000000000000000000e+00 1.000000000000000000e+00 1.000000000000000000e+00 1.000000000000000000e+00
5.400000000000000000e+01 1.000000000000000000e+00 1.000000000000000000e+00 1.000000000000000000e+00 1.000000000000000000e+00 1.000000000000000000e+00 1.000000000000000000e+00 1.000000000000000000e+00 1.000000000000000000e+00 1.000000000000000000e+00 1.000000000000000000e+00 1.000000000000000000e+00 1.000000000000000000e+00 1.000000000000000000e+00 1.000000000000000000e+00 1.000000000000000000e+00 1.000000000000000000e+00 1.000000000000000000e+00 1.000000000000000000e+00
5.500000000000000000e+01 1.000000000000000000e+00 1.000000000000000000e+00 1.000000000000000000e+00 1.000000000000000000e+00 1.000000000000000000e+00 1.000000000000000000e+00 1.000000000000000000e+00 1.000000000000000000e+00 1.000000000000000000e+00 1.000000000000000000e+00 1.000000000000000000e+00 1.000000000000000000e+00 1.000000000000000000e+00 1.000000000000000000e+00 1.000000000000000000e+00 1.000000000000000000e+00 1.000000000000000000e+00 1.000000000000000000e+00
5.600000000000000000e+01 1.000000000000000000e+00 1.000000000000000000e+00 1.000000000000000000e+00 1.000000000000000000e+00 1.000000000000000000e+00 1.000000000000000000e+00 1.000000000000000000e+00 1.000000000000000000e+00 1.000000000000000000e+00 1.000000000000000000e+00 1.000000000000000000e+00 1.000000000000000000e+00 1.000000000000000000e+00 1.000000000000000000e+00 1.000000000000000000e+00 1.000000000000000000e+00 1.000000000000000000e+00 1.000000000000000000e+00
5.700000000000000000e+01 1.000000000000000000e+00 1.000000000000000000e+00 1.000000000000000000e+00 1.000000000000000000e+00 1.000000000000000000e+00 1.000000000000000000e+00 1.000000000000000000e+00 1.000000000000000000e+00 1.000000000000000000e+00 1.000000000000000000e+00 1.000000000000000000e+00 1.000000000000000000e+00 1.000000000000000000e+00 1.000000000000000000e+00 1.000000000000000000e+00 1.000000000000000000e+00 1.000000000000000000e+00 1.000000000000000000e+00
5.800000000000000000e+01 1.000000000000000000e+00 1.000000000000000000e+00 1.000000000000000000e+00 1.000000000000000000e+00 1.000000000000000000e+00 1.000000000000000000e+00 1.000000000000000000e+00 1.000000000000000000e+00 1.000000000000000000e+00 1.000000000000000000e+00 1.000000000000000000e+00 1.000000000000000000e+00 1.000000000000000000e+00 1.000000000000000000e+00 1.000000000000000000e+00 1.000000000000000000e+00 1.000000000000000000e+00 1.000000000000000000e+00
5.900000000000000000e+01 1.000000000000000000e+00 1.000000000000000000e+00 1.000000000000000000e+00 1.000000000000000000e+00 1.000000000000000000e+00 1.000000000000000000e+00 1.000000000000000000e+00 1.000000000000000000e+00 1.000000000000000000e+00 1.000000000000000000e+00 1.000000000000000000e+00 1.000000000000000000e+00 1.000000000000000000e+00 1.000000000000000000e+00 1.000000000000000000e+00 1.000000000000000000e+00 1.000000000000000000e+00 1.000000000000000000e+00
6.000000000000000000e+01 1.000000000000000000e+00 1.000000000000000000e+00 1.000000000000000000e+00 1.000000000000000000e+00 1.000000000000000000e+00 1.000000000000000000e+00 1.000000000000000000e+00 1.000000000000000000e+00 1.000000000000000000e+00 1.000000000000000000e+00 1.000000000000000000e+00 1.000000000000000000e+00 1.000000000000000000e+00 1.000000000000000000e+00 1.000000000000000000e+00 1.000000000000000000e+00 1.000000000000000000e+00 1.000000000000000000e+00
6.100000000000000000e+01 1.000000000000000000e+00 1.000000000000000000e+00 1.000000000000000000e+00 1.000000000000000000e+00 1.000000000000000000e+00 1.000000000000000000e+00 1.000000000000000000e+00 1.000000000000000000e+00 1.000000000000000000e+00 1.000000000000000000e+00 1.000000000000000000e+00 1.000000000000000000e+00 1.000000000000000000e+00 1.000000000000000000e+00 1.000000000000000000e+00 1.000000000000000000e+00 1.000000000000000000e+00 1.000000000000000000e+00
6.200000000000000000e+01 1.000000000000000000e+00 1.000000000000000000e+00 1.000000000000000000e+00 1.000000000000000000e+00 1.000000000000000000e+00 1.000000000000000000e+00 1.000000000000000000e+00 1.000000000000000000e+00 1.000000000000000000e+00 1.000000000000000000e+00 1.000000000000000000e+00 1.000000000000000000e+00 1.000000000000000000e+00 1.000000000000000000e+00 1.000000000000000000e+00 1.000000000000000000e+00 1.000000000000000000e+00 1.000000000000000000e+00
6.300000000000000000e+01 1.000000000000000000e+00 1.000000000000000000e+00 1.000000000000000000e+00 1.000000000000000000e+00 1.000000000000000000e+00 1.000000000000000000e+00 1.000000000000000000e+00 1.000000000000000000e+00 1.000000000000000000e+00 1.000000000000000000e+00 1.000000000000000000e+00 1.000000000000000000e+00 1.000000000000000000e+00 1.000000000000000000e+00 1.000000000000000000e+00 1.000000000000000000e+00 1.000000000000000000e+00 1.000000000000000000e+00
6.400000000000000000e+01 1.000000000000000000e+00 1.000000000000000000e+00 1.000000000000000000e+00 1.000000000000000000e+00 1.000000000000000000e+00 1.000000000000000000e+00 1.000000000000000000e+00 1.000000000000000000e+00 1.000000000000000000e+00 1.000000000000000000e+00 1.000000000000000000e+00 1.000000000000000000e+00 1.000000000000000000e+00 1.000000000000000000e+00 1.000000000000000000e+00 1.000000000000000000e+00 1.000000000000000000e+00 1.000000000000000000e+00
6.500000000000000000e+01 1.000000000000000000e+00 1.000000000000000000e+00 1.000000000000000000e+00 1.000000000000000000e+00 1.000000000000000000e+00 1.000000000000000000e+00 1.000000000000000000e+00 1.000000000000000000e+00 1.000000000000000000e+00 1.000000000000000000e+00 1.000000000000000000e+00 1.000000000000000000e+00 1.000000000000000000e+00 1.000000000000000000e+00 1.000000000000000000e+00 1.000000000000000000e+00 1.000000000000000000e+00 1.000000000000000000e+00
6.600000000000000000e+01 1.000000000000000000e+00 1.000000000000000000e+00 1.000000000000000000e+00 1.000000000000000000e+00 1.000000000000000000e+00 1.000000000000000000e+00 1.000000000000000000e+00 1.000000000000000000e+00 1.000000000000000000e+00 1.000000000000000000e+00 1.000000000000000000e+00 1.000000000000000000e+00 1.000000000000000000e+00 1.000000000000000000e+00 1.000000000000000000e+00 1.000000000000000000e+00 1.000000000000000000e+00 1.000000000000000000e+00
6.700000000000000000e+01 1.000000000000000000e+00 1.000000000000000000e+00 1.000000000000000000e+00 1.000000000000000000e+00 1.000000000000000000e+00 1.000000000000000000e+00 1.000000000000000000e+00 1.000000000000000000e+00 1.000000000000000000e+00 1.000000000000000000e+00 1.000000000000000000e+00 1.000000000000000000e+00 1.000000000000000000e+00 1.000000000000000000e+00 1.000000000000000000e+00 1.000000000000000000e+00 1.000000000000000000e+00 1.000000000000000000e+00
6.800000000000000000e+01 1.000000000000000000e+00 1.000000000000000000e+00 1.000000000000000000e+00 1.000000000000000000e+00 1.000000000000000000e+00 1.000000000000000000e+00 1.000000000000000000e+00 1.000000000000000000e+00 1.000000000000000000e+00 1.000000000000000000e+00 1.000000000000000000e+00 1.000000000000000000e+00 1.000000000000000000e+00 1.000000000000000000e+00 1.000000000000000000e+00 1.000000000000000000e+00 1.000000000000000000e+00 1.000000000000000000e+00
6.900000000000000000e+01 1.000000000000000000e+00 1.000000000000000000e+00 1.000000000000000000e+00 1.000000000000000000e+00 1.000000000000000000e+00 1.000000000000000000e+00 1.000000000000000000e+00 1.000000000000000000e+00 1.000000000000000000e+00 1.000000000000000000e+00 1.000000000000000000e+00 1.000000000000000000e+00 1.000000000000000000e+00 1.000000000000000000e+00 1.000000000000000000e+00 1.000000000000000000e+00 1.000000000000000000e+00 1.000000000000000000e+00
7.000000000000000000e+01 1.000000000000000000e+00 1.000000000000000000e+00 1.000000000000000000e+00 1.000000000000000000e+00 1.000000000000000000e+00 1.000000000000000000e+00 1.000000000000000000e+00 1.000000000000000000e+00 1.000000000000000000e+00 1.000000000000000000e+00 1.000000000000000000e+00 1.000000000000000000e+00 1.000000000000000000e+00 1.000000000000000000e+00 1.000000000000000000e+00 1.000000000000000000e+00 1.000000000000000000e+00 1.000000000000000000e+00
7.100000000000000000e+01 1.000000000000000000e+00 1.000000000000000000e+00 1.000000000000000000e+00 1.000000000000000000e+00 1.000000000000000000e+00 1.000000000000000000e+00 1.000000000000000000e+00 1.000000000000000000e+00 1.000000000000000000e+00 1.000000000000000000e+00 1.000000000000000000e+00 1.000000000000000000e+00 1.000000000000000000e+00 1.000000000000000000e+00 1.000000000000000000e+00 1.000000000000000000e+00 1.000000000000000000e+00 1.000000000000000000e+00
7.200000000000000000e+01 1.000000000000000000e+00 1.000000000000000000e+00 1.000000000000000000e+00 1.000000000000000000e+00 1.000000000000000000e+00 1.000000000000000000e+00 1.000000000000000000e+00 1.000000000000000000e+00 1.000000000000000000e+00 1.000000000000000000e+00 1.000000000000000000e+00 1.000000000000000000e+00 1.000000000000000000e+00 1.000000000000000000e+00 1.000000000000000000e+00 1.000000000000000000e+00 1.000000000000000000e+00 1.000000000000000000e+00
7.300000000000000000e+01 1.000000000000000000e+00 1.000000000000000000e+00 1.000000000000000000e+00 1.000000000000000000e+00 1.000000000000000000e+00 1.000000000000000000e+00 1.000000000000000000e+00 1.000000000000000000e+00 1.000000000000000000e+00 1.000000000000000000e+00 1.000000000000000000e+00 1.000000000000000000e+00 1.000000000000000000e+00 1.000000000000000000e+00 1.000000000000000000e+00 1.000000000000000000e+00 1.000000000000000000e+00 1.000000000000000000e+00
7.400000000000000000e+01 1.000000000000000000e+00 1.000000000000000000e+00 1.000000000000000000e+00 1.000000000000000000e+00 1.000000000000000000e+00 1.000000000000000000e+00 1.000000000000000000e+00 1.000000000000000000e+00 1.000000000000000000e+00 1.000000000000000000e+00 1.000000000000000000e+00 1.000000000000000000e+00 1.000000000000000000e+00 1.000000000000000000e+00 1.000000000000000000e+00 1.000000000000000000e+00 1.000000000000000000e+00 1.000000000000000000e+00
7.500000000000000000e+01 1.000000000000000000e+00 1.000000000000000000e+00 1.000000000000000000e+00 1.000000000000000000e+00 1.000000000000000000e+00 1.000000000000000000e+00 1.000000000000000000e+00 1.000000000000000000e+00 1.000000000000000000e+00 1.000000000000000000e+00 1.000000000000000000e+00 1.000000000000000000e+00 1.000000000000000000e+00 1.000000000000000000e+00 1.000000000000000000e+00 1.000000000000000000e+00 1.000000000000000000e+00 1.000000000000000000e+00
7.600000000000000000e+01 1.000000000000000000e+00 1.000000000000000000e+00 1.000000000000000000e+00 1.000000000000000000e+00 1.000000000000000000e+00 1.000000000000000000e+00 1.000000000000000000e+00 1.000000000000000000e+00 1.000000000000000000e+00 1.000000000000000000e+00 1.000000000000000000e+00 1.000000000000000000e+00 1.000000000000000000e+00 1.000000000000000000e+00 1.000000000000000000e+00 1.000000000000000000e+00 1.000000000000000000e+00 1.000000000000000000e+00
7.700000000000000000e+01 1.000000000000000000e+00 1.000000000000000000e+00 1.000000000000000000e+00 1.000000000000000000e+00 1.000000000000000000e+00 1.000000000000000000e+00 1.000000000000000000e+00 1.000000000000000000e+00 1.000000000000000000e+00 1.000000000000000000e+00 1.000000000000000000e+00 1.000000000000000000e+00 1.000000000000000000e+00 1.000000000000000000e+00 1.000000000000000000e+00 1.000000000000000000e+00 1.000000000000000000e+00 1.000000000000000000e+00
7.800000000000000000e+01 1.000000000000000000e+00 1.000000000000000000e+00 1.000000000000000000e+00 1.000000000000000000e+00 1.000000000000000000e+00 1.000000000000000000e+00 1.000000000000000000e+00 1.000000000000000000e+00 1.000000000000000000e+00 1.000000000000000000e+00 1.000000000000000000e+00 1.000000000000000000e+00 1.000000000000000000e+00 1.000000000000000000e+00 1.000000000000000000e+00 1.000000000000000000e+00 1.000000000000000000e+00 1.000000000000000000e+00
7.900000000000000000e+01 1.000000000000000000e+00 1.000000000000000000e+00 1.000000000000000000e+00 1.000000000000000000e+00 1.000000000000000000e+00 1.000000000000000000e+00 1.000000000000000000e+00 1.000000000000000000e+00 1.000000000000000000e+00 1.000000000000000000e+00 1.000000000000000000e+00 1.000000000000000000e+00 1.000000000000000000e+00 1.000000000000000000e+00 1.000000000000000000e+00 1.000000000000000000e+00 1.000000000000000000e+00 1.000000000000000000e+00
8.000000000000000000e+01 1.000000000000000000e+00 1.000000000000000000e+00 1.000000000000000000e+00 1.000000000000000000e+00 1.000000000000000000e+00 1.000000000000000000e+00 1.000000000000000000e+00 1.000000000000000000e+00 1.000000000000000000e+00 1.000000000000000000e+00 1.000000000000000000e+00 1.000000000000000000e+00 1.000000000000000000e+00 1.000000000000000000e+00 1.000000000000000000e+00 1.000000000000000000e+00 1.000000000000000000e+00 1.000000000000000000e+00
8.100000000000000000e+01 1.000000000000000000e+00 1.000000000000000000e+00 1.000000000000000000e+00 1.000000000000000000e+00 1.000000000000000000e+00 1.000000000000000000e+00 1.000000000000000000e+00 1.000000000000000000e+00 1.000000000000000000e+00 1.000000000000000000e+00 1.000000000000000000e+00 1.000000000000000000e+00 1.000000000000000000e+00 1.000000000000000000e+00 1.000000000000000000e+00 1.000000000000000000e+00 1.000000000000000000e+00 1.000000000000000000e+00
8.200000000000000000e+01 1.000000000000000000e+00 1.000000000000000000e+00 1.000000000000000000e+00 1.000000000000000000e+00 1.000000000000000000e+00 1.000000000000000000e+00 1.000000000000000000e+00 1.000000000000000000e+00 1.000000000000000000e+00 1.000000000000000000e+00 1.000000000000000000e+00 1.000000000000000000e+00 1.000000000000000000e+00 1.000000000000000000e+00 1.000000000000000000e+00 1.000000000000000000e+00 1.000000000000000000e+00 1.000000000000000000e+00
8.300000000000000000e+01 1.000000000000000000e+00 1.000000000000000000e+00 1.000000000000000000e+00 1.000000000000000000e+00 1.000000000000000000e+00 1.000000000000000000e+00 1.000000000000000000e+00 1.000000000000000000e+00 1.000000000000000000e+00 1.000000000000000000e+00 1.000000000000000000e+00 1.000000000000000000e+00 1.000000000000000000e+00 1.000000000000000000e+00 1.000000000000000000e+00 1.000000000000000000e+00 1.000000000000000000e+00 1.000000000000000000e+00
8.400000000000000000e+01 1.000000000000000000e+00 1.000000000000000000e+00 1.000000000000000000e+00 1.000000000000000000e+00 1.000000000000000000e+00 1.000000000000000000e+00 1.000000000000000000e+00 1.000000000000000000e+00 1.000000000000000000e+00 1.000000000000000000e+00 1.000000000000000000e+00 1.000000000000000000e+00 1.000000000000000000e+00 1.000000000000000000e+00 1.000000000000000000e+00 1.000000000000000000e+00 1.000000000000000000e+00 1.000000000000000000e+00
8.500000000000000000e+01 1.000000000000000000e+00 1.000000000000000000e+00 1.000000000000000000e+00 1.000000000000000000e+00 1.000000000000000000e+00 1.000000000000000000e+00 1.000000000000000000e+00 1.000000000000000000e+00 1.000000000000000000e+00 1.000000000000000000e+00 1.000000000000000000e+00 1.000000000000000000e+00 1.000000000000000000e+00 1.000000000000000000e+00 1.000000000000000000e+00 1.000000000000000000e+00 1.000000000000000000e+00 1.000000000000000000e+00
8.600000000000000000e+01 1.000000000000000000e+00 1.000000000000000000e+00 1.000000000000000000e+00 1.000000000000000000e+00 1.000000000000000000e+00 1.000000000000000000e+00 1.000000000000000000e+00 1.000000000000000000e+00 1.000000000000000000e+00 1.000000000000000000e+00 1.000000000000000000e+00 1.000000000000000000e+00 1.000000000000000000e+00 1.000000000000000000e+00 1.000000000000000000e+00 1.000000000000000000e+00 1.000000000000000000e+00 1.000000000000000000e+00
8.700000000000000000e+01 1.000000000000000000e+00 1.000000000000000000e+00 1.000000000000000000e+00 1.000000000000000000e+00 1.000000000000000000e+00 1.000000000000000000e+00 1.000000000000000000e+00 1.000000000000000000e+00 1.000000000000000000e+00 1.000000000000000000e+00 1.000000000000000000e+00 1.000000000000000000e+00 1.000000000000000000e+00 1.000000000000000000e+00 1.000000000000000000e+00 1.000000000000000000e+00 1.000000000000000000e+00 1.000000000000000000e+00
8.800000000000000000e+01 1.000000000000000000e+00 1.000000000000000000e+00 1.000000000000000000e+00 1.000000000000000000e+00 1.000000000000000000e+00 1.000000000000000000e+00 1.000000000000000000e+00 1.000000000000000000e+00 1.000000000000000000e+00 1.000000000000000000e+00 1.000000000000000000e+00 1.000000000000000000e+00 1.000000000000000000e+00 1.000000000000000000e+00 1.000000000000000000e+00 1.000000000000000000e+00 1.000000000000000000e+00 1.000000000000000000e+00
8.900000000000000000e+01 1.000000000000000000e+00 1.000000000000000000e+00 1.000000000000000000e+00 1.000000000000000000e+00 1.000000000000000000e+00 1.000000000000000000e+00 1.000000000000000000e+00 1.000000000000000000e+00 1.000000000000000000e+00 1.000000000000000000e+00 1.000000000000000000e+00 1.000000000000000000e+00 1.000000000000000000e+00 1.000000000000000000e+00 1.000000000000000000e+00 1.000000000000000000e+00 1.000000000000000000e+00 1.000000000000000000e+00
9.000000000000000000e+01 1.000000000000000000e+00 1.000000000000000000e+00 1.000000000000000000e+00 1.000000000000000000e+00 1.000000000000000000e+00 1.000000000000000000e+00 1.000000000000000000e+00 1.000000000000000000e+00 1.000000000000000000e+00 1.000000000000000000e+00 1.000000000000000000e+00 1.000000000000000000e+00 1.000000000000000000e+00 1.000000000000000000e+00 1.000000000000000000e+00 1.000000000000000000e+00 1.000000000000000000e+00 1.000000000000000000e+00
9.100000000000000000e+01 1.000000000000000000e+00 1.000000000000000000e+00 1.000000000000000000e+00 1.000000000000000000e+00 1.000000000000000000e+00 1.000000000000000000e+00 1.000000000000000000e+00 1.000000000000000000e+00 1.000000000000000000e+00 1.000000000000000000e+00 1.000000000000000000e+00 1.000000000000000000e+00 1.000000000000000000e+00 1.000000000000000000e+00 1.000000000000000000e+00 1.000000000000000000e+00 1.000000000000000000e+00 1.000000000000000000e+00
9.200000000000000000e+01 1.000000000000000000e+00 1.000000000000000000e+00 1.000000000000000000e+00 1.000000000000000000e+00 1.000000000000000000e+00 1.000000000000000000e+00 1.000000000000000000e+00 1.000000000000000000e+00 1.000000000000000000e+00 1.000000000000000000e+00 1.000000000000000000e+00 1.000000000000000000e+00 1.000000000000000000e+00 1.000000000000000000e+00 1.000000000000000000e+00 1.000000000000000000e+00 1.000000000000000000e+00 1.000000000000000000e+00
9.300000000000000000e+01 1.000000000000000000e+00 1.000000000000000000e+00 1.000000000000000000e+00 1.000000000000000000e+00 1.000000000000000000e+00 1.000000000000000000e+00 1.000000000000000000e+00 1.000000000000000000e+00 1.000000000000000000e+00 1.000000000000000000e+00 1.000000000000000000e+00 1.000000000000000000e+00 1.000000000000000000e+00 1.000000000000000000e+00 1.000000000000000000e+00 1.000000000000000000e+00 1.000000000000000000e+00 1.000000000000000000e+00
9.400000000000000000e+01 1.000000000000000000e+00 1.000000000000000000e+00 1.000000000000000000e+00 1.000000000000000000e+00 1.000000000000000000e+00 1.000000000000000000e+00 1.000000000000000000e+00 1.000000000000000000e+00 1.000000000000000000e+00 1.000000000000000000e+00 1.000000000000000000e+00 1.000000000000000000e+00 1.000000000000000000e+00 1.000000000000000000e+00 1.000000000000000000e+00 1.000000000000000000e+00 1.000000000000000000e+00 1.000000000000000000e+00
9.500000000000000000e+01 1.000000000000000000e+00 1.000000000000000000e+00 1.000000000000000000e+00 1.000000000000000000e+00 1.000000000000000000e+00 1.000000000000000000e+00 1.000000000000000000e+00 1.000000000000000000e+00 1.000000000000000000e+00 1.000000000000000000e+00 1.000000000000000000e+00 1.000000000000000000e+00 1.000000000000000000e+00 1.000000000000000000e+00 1.000000000000000000e+00 1.000000000000000000e+00 1.000000000000000000e+00 1.000000000000000000e+00
9.600000000000000000e+01 1.000000000000000000e+00 1.000000000000000000e+00 1.000000000000000000e+00 1.000000000000000000e+00 1.000000000000000000e+00 1.000000000000000000e+00 1.000000000000000000e+00 1.000000000000000000e+00 1.000000000000000000e+00 1.000000000000000000e+00 1.000000000000000000e+00 1.000000000000000000e+00 1.000000000000000000e+00 1.000000000000000000e+00 1.000000000000000000e+00 1.000000000000000000e+00 1.000000000000000000e+00 1.000000000000000000e+00
9.700000000000000000e+01 1.000000000000000000e+00 1.000000000000000000e+00 1.000000000000000000e+00 1.000000000000000000e+00 1.000000000000000000e+00 1.000000000000000000e+00 1.000000000000000000e+00 1.000000000000000000e+00 1.000000000000000000e+00 1.000000000000000000e+00 1.000000000000000000e+00 1.000000000000000000e+00 1.000000000000000000e+00 1.000000000000000000e+00 1.000000000000000000e+00 1.000000000000000000e+00 1.000000000000000000e+00 1.000000000000000000e+00
9.800000000000000000e+01 1.000000000000000000e+00 1.000000000000000000e+00 1.000000000000000000e+00 1.000000000000000000e+00 1.000000000000000000e+00 1.000000000000000000e+00 1.000000000000000000e+00 1.000000000000000000e+00 1.000000000000000000e+00 1.000000000000000000e+00 1.000000000000000000e+00 1.000000000000000000e+00 1.000000000000000000e+00 1.000000000000000000e+00 1.000000000000000000e+00 1.000000000000000000e+00 1.000000000000000000e+00 1.000000000000000000e+00
9.900000000000000000e+01 1.000000000000000000e+00 1.000000000000000000e+00 1.000000000000000000e+00 1.000000000000000000e+00 1.000000000000000000e+00 1.000000000000000000e+00 1.000000000000000000e+00 1.000000000000000000e+00 1.000000000000000000e+00 1.000000000000000000e+00 1.000000000000000000e+00 1.000000000000000000e+00 1.000000000000000000e+00 1.000000000000000000e+00 1.000000000000000000e+00 1.000000000000000000e+00 1.000000000000000000e+00 1.000000000000000000e+00
1.000000000000000000e+02 1.000000000000000000e+00 1.000000000000000000e+00 1.000000000000000000e+00 1.000000000000000000e+00 1.000000000000000000e+00 1.000000000000000000e+00 1.000000000000000000e+00 1.000000000000000000e+00 1.000000000000000000e+00 1.000000000000000000e+00 1.000000000000000000e+00 1.000000000000000000e+00 1.000000000000000000e+00 1.000000000000000000e+00 1.000000000000000000e+00 1.000000000000000000e+00 1.000000000000000000e+00 1.000000000000000000e+00
