x						y1						y2						y3						y4						y5						y6						y7						y8						y9						y10						y11						y12						y13						y14						y15						y16						y17						y18	
-1.000000000000000000e+02 0.000000000000000000e+00 0.000000000000000000e+00 0.000000000000000000e+00 0.000000000000000000e+00 0.000000000000000000e+00 0.000000000000000000e+00 2.000000000000000164e-05 0.000000000000000000e+00 4.771779930484277654e-05 4.000000000000000327e-05 8.015043026327425173e-07 7.919849569736726403e-05 0.000000000000000000e+00 0.000000000000000000e+00 0.000000000000000000e+00 0.000000000000000000e+00 0.000000000000000000e+00 0.000000000000000000e+00
-9.900000000000000000e+01 0.000000000000000000e+00 0.000000000000000000e+00 0.000000000000000000e+00 0.000000000000000000e+00 0.000000000000000000e+00 0.000000000000000000e+00 2.000000000000000164e-05 0.000000000000000000e+00 4.771779930484277654e-05 4.000000000000000327e-05 8.015043026327425173e-07 7.919849569736726403e-05 0.000000000000000000e+00 0.000000000000000000e+00 0.000000000000000000e+00 0.000000000000000000e+00 0.000000000000000000e+00 0.000000000000000000e+00
-9.800000000000000000e+01 0.000000000000000000e+00 0.000000000000000000e+00 0.000000000000000000e+00 0.000000000000000000e+00 0.000000000000000000e+00 0.000000000000000000e+00 2.000000000000000164e-05 0.000000000000000000e+00 4.771779930484277654e-05 5.000000000000000240e-05 6.174968638042644840e-06 9.382503136195735995e-05 0.000000000000000000e+00 0.000000000000000000e+00 0.000000000000000000e+00 0.000000000000000000e+00 0.000000000000000000e+00 0.000000000000000000e+00
-9.700000000000000000e+01 0.000000000000000000e+00 0.000000000000000000e+00 0.000000000000000000e+00 0.000000000000000000e+00 0.000000000000000000e+00 0.000000000000000000e+00 2.000000000000000164e-05 0.000000000000000000e+00 4.771779930484277654e-05 5.000000000000000240e-05 6.174968638042644840e-06 9.382503136195735995e-05 0.000000000000000000e+00 0.000000000000000000e+00 0.000000000000000000e+00 0.000000000000000000e+00 0.000000000000000000e+00 0.000000000000000000e+00
-9.600000000000000000e+01 0.000000000000000000e+00 0.000000000000000000e+00 0.000000000000000000e+00 0.000000000000000000e+00 0.000000000000000000e+00 0.000000000000000000e+00 3.000000000000000415e-05 0.000000000000000000e+00 6.394706280488567107e-05 5.000000000000000240e-05 6.174968638042644840e-06 9.382503136195735995e-05 0.000000000000000000e+00 0.000000000000000000e+00 0.000000000000000000e+00 0.000000000000000000e+00 0.000000000000000000e+00 0.000000000000000000e+00
-9.500000000000000000e+01 0.000000000000000000e+00 0.000000000000000000e+00 0.000000000000000000e+00 0.000000000000000000e+00 0.000000000000000000e+00 0.000000000000000000e+00 3.000000000000000415e-05 0.000000000000000000e+00 6.394706280488567107e-05 6.000000000000000830e-05 1.199232353155454343e-05 1.080076764684454664e-04 0.000000000000000000e+00 0.000000000000000000e+00 0.000000000000000000e+00 0.000000000000000000e+00 0.000000000000000000e+00 0.000000000000000000e+00
-9.400000000000000000e+01 0.000000000000000000e+00 0.000000000000000000e+00 0.000000000000000000e+00 0.000000000000000000e+00 0.000000000000000000e+00 0.000000000000000000e+00 3.000000000000000415e-05 0.000000000000000000e+00 6.394706280488567107e-05 6.000000000000000830e-05 1.199232353155454343e-05 1.080076764684454664e-04 0.000000000000000000e+00 0.000000000000000000e+00 0.000000000000000000e+00 0.000000000000000000e+00 0.000000000000000000e+00 0.000000000000000000e+00
-9.300000000000000000e+01 0.000000000000000000e+00 0.000000000000000000e+00 0.000000000000000000e+00 0.000000000000000000e+00 0.000000000000000000e+00 0.000000000000000000e+00 3.000000000000000415e-05 0.000000000000000000e+00 6.394706280488567107e-05 7.000000000000000742e-05 1.814604216644909629e-05 1.218539578335508914e-04 0.000000000000000000e+00 0.000000000000000000e+00 0.000000000000000000e+00 0.000000000000000000e+00 0.000000000000000000e+00 0.000000000000000000e+00
-9.200000000000000000e+01 0.000000000000000000e+00 0.000000000000000000e+00 0.000000000000000000e+00 0.000000000000000000e+00 0.000000000000000000e+00 0.000000000000000000e+00 3.000000000000000415e-05 0.000000000000000000e+00 6.394706280488567107e-05 8.000000000000000654e-05 2.456606451648253071e-05 1.354339354835174892e-04 0.000000000000000000e+00 0.000000000000000000e+00 0.000000000000000000e+00 0.000000000000000000e+00 0.000000000000000000e+00 0.000000000000000000e+00
-9.100000000000000000e+01 0.000000000000000000e+00 0.000000000000000000e+00 0.000000000000000000e+00 0.000000000000000000e+00 0.000000000000000000e+00 0.000000000000000000e+00 4.000000000000000327e-05 8.015043026327425173e-07 7.919849569736726403e-05 9.000000000000000567e-05 3.120372647471408438e-05 1.487962735252859202e-04 0.000000000000000000e+00 0.000000000000000000e+00 0.000000000000000000e+00 0.000000000000000000e+00 0.000000000000000000e+00 0.000000000000000000e+00
-9.000000000000000000e+01 0.000000000000000000e+00 0.000000000000000000e+00 0.000000000000000000e+00 0.000000000000000000e+00 0.000000000000000000e+00 0.000000000000000000e+00 7.000000000000000742e-05 1.814604216644909629e-05 1.218539578335508914e-04 9.000000000000000567e-05 3.120372647471408438e-05 1.487962735252859202e-04 0.000000000000000000e+00 0.000000000000000000e+00 0.000000000000000000e+00 0.000000000000000000e+00 0.000000000000000000e+00 0.000000000000000000e+00
-8.900000000000000000e+01 0.000000000000000000e+00 0.000000000000000000e+00 0.000000000000000000e+00 0.000000000000000000e+00 0.000000000000000000e+00 0.000000000000000000e+00 8.000000000000000654e-05 2.456606451648253071e-05 1.354339354835174892e-04 9.000000000000000567e-05 3.120372647471408438e-05 1.487962735252859202e-04 0.000000000000000000e+00 0.000000000000000000e+00 0.000000000000000000e+00 0.000000000000000000e+00 0.000000000000000000e+00 0.000000000000000000e+00
-8.800000000000000000e+01 0.000000000000000000e+00 0.000000000000000000e+00 0.000000000000000000e+00 0.000000000000000000e+00 0.000000000000000000e+00 0.000000000000000000e+00 1.000000000000000048e-04 3.802359582218360872e-05 1.619764041778164144e-04 1.200000000000000166e-04 5.210892978629095196e-05 1.878910702137090677e-04 0.000000000000000000e+00 0.000000000000000000e+00 0.000000000000000000e+00 0.000000000000000000e+00 0.000000000000000000e+00 0.000000000000000000e+00
-8.700000000000000000e+01 0.000000000000000000e+00 0.000000000000000000e+00 0.000000000000000000e+00 0.000000000000000000e+00 0.000000000000000000e+00 0.000000000000000000e+00 1.000000000000000048e-04 3.802359582218360872e-05 1.619764041778164144e-04 1.300000000000000157e-04 5.933708709399484896e-05 2.006629129060051283e-04 0.000000000000000000e+00 0.000000000000000000e+00 0.000000000000000000e+00 0.000000000000000000e+00 0.000000000000000000e+00 0.000000000000000000e+00
-8.600000000000000000e+01 0.000000000000000000e+00 0.000000000000000000e+00 0.000000000000000000e+00 0.000000000000000000e+00 0.000000000000000000e+00 0.000000000000000000e+00 1.000000000000000048e-04 3.802359582218360872e-05 1.619764041778164144e-04 1.500000000000000140e-04 7.409661468151413364e-05 2.259033853184858401e-04 0.000000000000000000e+00 0.000000000000000000e+00 0.000000000000000000e+00 0.000000000000000000e+00 0.000000000000000000e+00 0.000000000000000000e+00
-8.500000000000000000e+01 0.000000000000000000e+00 0.000000000000000000e+00 0.000000000000000000e+00 0.000000000000000000e+00 0.000000000000000000e+00 0.000000000000000000e+00 1.000000000000000048e-04 3.802359582218360872e-05 1.619764041778164144e-04 1.600000000000000131e-04 8.160771275404382120e-05 2.383922872459562185e-04 0.000000000000000000e+00 0.000000000000000000e+00 0.000000000000000000e+00 0.000000000000000000e+00 0.000000000000000000e+00 0.000000000000000000e+00
-8.400000000000000000e+01 0.000000000000000000e+00 0.000000000000000000e+00 0.000000000000000000e+00 0.000000000000000000e+00 0.000000000000000000e+00 0.000000000000000000e+00 1.100000000000000039e-04 4.499892396085864756e-05 1.750010760391413603e-04 1.700000000000000122e-04 8.919548395305597680e-05 2.508045160469440341e-04 0.000000000000000000e+00 0.000000000000000000e+00 0.000000000000000000e+00 0.000000000000000000e+00 0.000000000000000000e+00 0.000000000000000000e+00
-8.300000000000000000e+01 0.000000000000000000e+00 0.000000000000000000e+00 0.000000000000000000e+00 0.000000000000000000e+00 0.000000000000000000e+00 0.000000000000000000e+00 1.200000000000000166e-04 5.210892978629095196e-05 1.878910702137090677e-04 2.400000000000000332e-04 1.439932893523312952e-04 3.360067106476687169e-04 0.000000000000000000e+00 0.000000000000000000e+00 0.000000000000000000e+00 0.000000000000000000e+00 0.000000000000000000e+00 0.000000000000000000e+00
-8.200000000000000000e+01 0.000000000000000000e+00 0.000000000000000000e+00 0.000000000000000000e+00 0.000000000000000000e+00 0.000000000000000000e+00 0.000000000000000000e+00 1.200000000000000166e-04 5.210892978629095196e-05 1.878910702137090677e-04 2.600000000000000314e-04 1.600740468764898445e-04 3.599259531235101100e-04 0.000000000000000000e+00 0.000000000000000000e+00 0.000000000000000000e+00 0.000000000000000000e+00 0.000000000000000000e+00 0.000000000000000000e+00
-8.100000000000000000e+01 0.000000000000000000e+00 0.000000000000000000e+00 0.000000000000000000e+00 0.000000000000000000e+00 0.000000000000000000e+00 0.000000000000000000e+00 1.300000000000000157e-04 5.933708709399484896e-05 2.006629129060051283e-04 2.900000000000000017e-04 1.844680147389202044e-04 3.955319852610798262e-04 0.000000000000000000e+00 0.000000000000000000e+00 0.000000000000000000e+00 0.000000000000000000e+00 0.000000000000000000e+00 0.000000000000000000e+00
-8.000000000000000000e+01 0.000000000000000000e+00 0.000000000000000000e+00 0.000000000000000000e+00 0.000000000000000000e+00 0.000000000000000000e+00 0.000000000000000000e+00 1.300000000000000157e-04 5.933708709399484896e-05 2.006629129060051283e-04 2.900000000000000017e-04 1.844680147389202044e-04 3.955319852610798262e-04 0.000000000000000000e+00 0.000000000000000000e+00 0.000000000000000000e+00 0.000000000000000000e+00 0.000000000000000000e+00 0.000000000000000000e+00
-7.900000000000000000e+01 0.000000000000000000e+00 0.000000000000000000e+00 0.000000000000000000e+00 0.000000000000000000e+00 0.000000000000000000e+00 0.000000000000000000e+00 1.400000000000000148e-04 6.666999643363622635e-05 2.133300035663637491e-04 3.200000000000000262e-04 2.091454350403700924e-04 4.308545649596299599e-04 0.000000000000000000e+00 0.000000000000000000e+00 0.000000000000000000e+00 0.000000000000000000e+00 0.000000000000000000e+00 0.000000000000000000e+00
-7.800000000000000000e+01 0.000000000000000000e+00 0.000000000000000000e+00 0.000000000000000000e+00 0.000000000000000000e+00 0.000000000000000000e+00 0.000000000000000000e+00 1.500000000000000140e-04 7.409661468151413364e-05 2.259033853184858401e-04 3.600000000000000227e-04 2.424233304440577704e-04 4.775766695559422749e-04 0.000000000000000000e+00 0.000000000000000000e+00 0.000000000000000000e+00 0.000000000000000000e+00 0.000000000000000000e+00 0.000000000000000000e+00
-7.700000000000000000e+01 0.000000000000000000e+00 0.000000000000000000e+00 0.000000000000000000e+00 0.000000000000000000e+00 0.000000000000000000e+00 0.000000000000000000e+00 1.800000000000000113e-04 9.685325475647575092e-05 2.631467452435242447e-04 4.000000000000000192e-04 2.760657878200559710e-04 5.239342121799440673e-04 0.000000000000000000e+00 0.000000000000000000e+00 0.000000000000000000e+00 0.000000000000000000e+00 0.000000000000000000e+00 0.000000000000000000e+00
-7.600000000000000000e+01 0.000000000000000000e+00 0.000000000000000000e+00 0.000000000000000000e+00 0.000000000000000000e+00 0.000000000000000000e+00 0.000000000000000000e+00 2.000000000000000096e-04 1.123565116060526946e-04 2.876434883939473245e-04 4.300000000000000436e-04 3.015042021246403404e-04 5.584957978753596385e-04 0.000000000000000000e+00 0.000000000000000000e+00 0.000000000000000000e+00 0.000000000000000000e+00 0.000000000000000000e+00 0.000000000000000000e+00
-7.500000000000000000e+01 0.000000000000000000e+00 0.000000000000000000e+00 0.000000000000000000e+00 0.000000000000000000e+00 0.000000000000000000e+00 0.000000000000000000e+00 2.400000000000000332e-04 1.439932893523312952e-04 3.360067106476687169e-04 4.800000000000000664e-04 3.442423054916998910e-04 6.157576945083001333e-04 0.000000000000000000e+00 0.000000000000000000e+00 0.000000000000000000e+00 0.000000000000000000e+00 0.000000000000000000e+00 0.000000000000000000e+00
-7.400000000000000000e+01 0.000000000000000000e+00 0.000000000000000000e+00 0.000000000000000000e+00 0.000000000000000000e+00 0.000000000000000000e+00 0.000000000000000000e+00 2.600000000000000314e-04 1.600740468764898445e-04 3.599259531235101100e-04 5.000000000000000104e-04 3.614442694926734475e-04 6.385557305073265733e-04 0.000000000000000000e+00 0.000000000000000000e+00 0.000000000000000000e+00 0.000000000000000000e+00 0.000000000000000000e+00 0.000000000000000000e+00
-7.300000000000000000e+01 0.000000000000000000e+00 0.000000000000000000e+00 0.000000000000000000e+00 0.000000000000000000e+00 0.000000000000000000e+00 0.000000000000000000e+00 2.800000000000000297e-04 1.763029749981797202e-04 3.836970250018202308e-04 5.400000000000000069e-04 3.960115423451340128e-04 6.839884576548660011e-04 0.000000000000000000e+00 0.000000000000000000e+00 0.000000000000000000e+00 0.000000000000000000e+00 0.000000000000000000e+00 0.000000000000000000e+00
-7.200000000000000000e+01 0.000000000000000000e+00 0.000000000000000000e+00 0.000000000000000000e+00 0.000000000000000000e+00 0.000000000000000000e+00 0.000000000000000000e+00 3.700000000000000489e-04 2.508021028732354855e-04 4.891978971267645039e-04 5.600000000000000594e-04 4.133707990166166860e-04 7.066292009833832159e-04 0.000000000000000000e+00 0.000000000000000000e+00 0.000000000000000000e+00 0.000000000000000000e+00 0.000000000000000000e+00 0.000000000000000000e+00
-7.100000000000000000e+01 0.000000000000000000e+00 0.000000000000000000e+00 0.000000000000000000e+00 0.000000000000000000e+00 0.000000000000000000e+00 0.000000000000000000e+00 4.000000000000000192e-04 2.760657878200559710e-04 5.239342121799440673e-04 5.900000000000000296e-04 4.394967278630112313e-04 7.405032721369888280e-04 0.000000000000000000e+00 0.000000000000000000e+00 0.000000000000000000e+00 0.000000000000000000e+00 0.000000000000000000e+00 0.000000000000000000e+00
-7.000000000000000000e+01 0.000000000000000000e+00 0.000000000000000000e+00 0.000000000000000000e+00 0.000000000000000000e+00 0.000000000000000000e+00 0.000000000000000000e+00 4.200000000000000174e-04 2.930064934197199652e-04 5.469935065802800696e-04 6.400000000000000524e-04 4.832530643453823781e-04 7.967469356546176724e-04 0.000000000000000000e+00 0.000000000000000000e+00 0.000000000000000000e+00 0.000000000000000000e+00 0.000000000000000000e+00 0.000000000000000000e+00
-6.900000000000000000e+01 0.000000000000000000e+00 0.000000000000000000e+00 0.000000000000000000e+00 0.000000000000000000e+00 0.000000000000000000e+00 0.000000000000000000e+00 4.700000000000000401e-04 3.356632192036466500e-04 6.043367807963533761e-04 7.400000000000000978e-04 5.714599173946018724e-04 9.085400826053981064e-04 0.000000000000000000e+00 0.000000000000000000e+00 0.000000000000000000e+00 0.000000000000000000e+00 0.000000000000000000e+00 0.000000000000000000e+00
-6.800000000000000000e+01 0.000000000000000000e+00 0.000000000000000000e+00 0.000000000000000000e+00 0.000000000000000000e+00 0.000000000000000000e+00 0.000000000000000000e+00 5.000000000000000104e-04 3.614442694926734475e-04 6.385557305073265733e-04 8.300000000000001170e-04 6.515129013011150463e-04 1.008487098698884971e-03 0.000000000000000000e+00 0.000000000000000000e+00 0.000000000000000000e+00 0.000000000000000000e+00 0.000000000000000000e+00 0.000000000000000000e+00
-6.700000000000000000e+01 1.000000000000000082e-05 0.000000000000000000e+00 2.959954184695632017e-05 0.000000000000000000e+00 0.000000000000000000e+00 0.000000000000000000e+00 5.300000000000000891e-04 3.873502853425512464e-04 6.726497146574486607e-04 8.700000000000001135e-04 6.872662709343864331e-04 1.052733729065613577e-03 0.000000000000000000e+00 0.000000000000000000e+00 0.000000000000000000e+00 0.000000000000000000e+00 0.000000000000000000e+00 0.000000000000000000e+00
-6.600000000000000000e+01 1.000000000000000082e-05 0.000000000000000000e+00 2.959954184695632017e-05 0.000000000000000000e+00 0.000000000000000000e+00 0.000000000000000000e+00 5.700000000000000856e-04 4.220681427878088645e-04 7.179318572121910899e-04 9.500000000000001065e-04 7.590571037437175489e-04 1.140942896256282556e-03 0.000000000000000000e+00 0.000000000000000000e+00 0.000000000000000000e+00 0.000000000000000000e+00 0.000000000000000000e+00 0.000000000000000000e+00
-6.500000000000000000e+01 1.000000000000000082e-05 0.000000000000000000e+00 2.959954184695632017e-05 0.000000000000000000e+00 0.000000000000000000e+00 0.000000000000000000e+00 6.300000000000000261e-04 4.744816929737413367e-04 7.855183070262587155e-04 1.040000000000000126e-03 8.402260714792485338e-04 1.239773928520751392e-03 0.000000000000000000e+00 0.000000000000000000e+00 0.000000000000000000e+00 0.000000000000000000e+00 0.000000000000000000e+00 0.000000000000000000e+00
-6.400000000000000000e+01 1.000000000000000082e-05 0.000000000000000000e+00 2.959954184695632017e-05 0.000000000000000000e+00 0.000000000000000000e+00 0.000000000000000000e+00 6.500000000000000786e-04 4.920340157787303449e-04 8.079659842212695954e-04 1.130000000000000145e-03 9.217707199115307039e-04 1.338229280088469152e-03 0.000000000000000000e+00 0.000000000000000000e+00 0.000000000000000000e+00 0.000000000000000000e+00 0.000000000000000000e+00 0.000000000000000000e+00
-6.300000000000000000e+01 1.000000000000000082e-05 0.000000000000000000e+00 2.959954184695632017e-05 0.000000000000000000e+00 0.000000000000000000e+00 0.000000000000000000e+00 6.800000000000000488e-04 5.184321904736802168e-04 8.415678095263198809e-04 1.260000000000000052e-03 1.040133235479964681e-03 1.479866764520035424e-03 0.000000000000000000e+00 0.000000000000000000e+00 0.000000000000000000e+00 0.000000000000000000e+00 0.000000000000000000e+00 0.000000000000000000e+00
-6.200000000000000000e+01 1.000000000000000082e-05 0.000000000000000000e+00 2.959954184695632017e-05 0.000000000000000000e+00 0.000000000000000000e+00 0.000000000000000000e+00 7.100000000000000191e-04 5.449091376453161486e-04 8.750908623546838896e-04 1.350000000000000071e-03 1.122426531659853882e-03 1.577573468340146261e-03 0.000000000000000000e+00 0.000000000000000000e+00 0.000000000000000000e+00 0.000000000000000000e+00 0.000000000000000000e+00 0.000000000000000000e+00
-6.100000000000000000e+01 1.000000000000000082e-05 0.000000000000000000e+00 2.959954184695632017e-05 0.000000000000000000e+00 0.000000000000000000e+00 0.000000000000000000e+00 7.600000000000000418e-04 5.891992424749614363e-04 9.308007575250386474e-04 1.410000000000000012e-03 1.177431306214759546e-03 1.642568693785240478e-03 0.000000000000000000e+00 0.000000000000000000e+00 0.000000000000000000e+00 0.000000000000000000e+00 0.000000000000000000e+00 0.000000000000000000e+00
-6.000000000000000000e+01 1.000000000000000082e-05 0.000000000000000000e+00 2.959954184695632017e-05 0.000000000000000000e+00 0.000000000000000000e+00 0.000000000000000000e+00 8.000000000000000383e-04 6.247656277179030465e-04 9.752343722820970302e-04 1.550000000000000162e-03 1.306175635605069576e-03 1.793824364394930315e-03 0.000000000000000000e+00 0.000000000000000000e+00 0.000000000000000000e+00 0.000000000000000000e+00 0.000000000000000000e+00 0.000000000000000000e+00
-5.900000000000000000e+01 1.000000000000000082e-05 0.000000000000000000e+00 2.959954184695632017e-05 0.000000000000000000e+00 0.000000000000000000e+00 0.000000000000000000e+00 9.100000000000001100e-04 7.231164422753505591e-04 1.096883557724649553e-03 1.640000000000000182e-03 1.389208044820129228e-03 1.890791955179870702e-03 0.000000000000000000e+00 0.000000000000000000e+00 0.000000000000000000e+00 0.000000000000000000e+00 0.000000000000000000e+00 0.000000000000000000e+00
-5.800000000000000000e+01 1.000000000000000082e-05 0.000000000000000000e+00 2.959954184695632017e-05 0.000000000000000000e+00 0.000000000000000000e+00 0.000000000000000000e+00 1.020000000000000073e-03 8.221543191436579689e-04 1.217845680856342178e-03 1.830000000000000246e-03 1.565103699904554432e-03 2.094896300095445626e-03 0.000000000000000000e+00 0.000000000000000000e+00 0.000000000000000000e+00 0.000000000000000000e+00 0.000000000000000000e+00 0.000000000000000000e+00
-5.700000000000000000e+01 1.000000000000000082e-05 0.000000000000000000e+00 2.959954184695632017e-05 0.000000000000000000e+00 0.000000000000000000e+00 0.000000000000000000e+00 1.160000000000000007e-03 9.490278889280371558e-04 1.370972111071962858e-03 2.010000000000000068e-03 1.732406549936535683e-03 2.287593450063464453e-03 0.000000000000000000e+00 0.000000000000000000e+00 0.000000000000000000e+00 0.000000000000000000e+00 0.000000000000000000e+00 0.000000000000000000e+00
-5.600000000000000000e+01 1.000000000000000082e-05 0.000000000000000000e+00 2.959954184695632017e-05 0.000000000000000000e+00 0.000000000000000000e+00 0.000000000000000000e+00 1.360000000000000098e-03 1.131586365689146029e-03 1.588413634310854167e-03 2.220000000000000185e-03 1.928296274684586191e-03 2.511703725315414179e-03 0.000000000000000000e+00 0.000000000000000000e+00 0.000000000000000000e+00 0.000000000000000000e+00 0.000000000000000000e+00 0.000000000000000000e+00
-5.500000000000000000e+01 1.000000000000000082e-05 0.000000000000000000e+00 2.959954184695632017e-05 1.000000000000000082e-05 0.000000000000000000e+00 2.959954184695632017e-05 1.560000000000000189e-03 1.315391594868516381e-03 1.804608405131483562e-03 2.390000000000000197e-03 2.087359226399857631e-03 2.692640773600142763e-03 0.000000000000000000e+00 0.000000000000000000e+00 0.000000000000000000e+00 0.000000000000000000e+00 0.000000000000000000e+00 0.000000000000000000e+00
-5.400000000000000000e+01 1.000000000000000082e-05 0.000000000000000000e+00 2.959954184695632017e-05 1.000000000000000082e-05 0.000000000000000000e+00 2.959954184695632017e-05 1.750000000000000036e-03 1.490948104261398096e-03 2.009051895738601760e-03 2.660000000000000038e-03 2.340764979411489363e-03 2.979235020588510714e-03 0.000000000000000000e+00 0.000000000000000000e+00 0.000000000000000000e+00 0.000000000000000000e+00 0.000000000000000000e+00 0.000000000000000000e+00
-5.300000000000000000e+01 1.000000000000000082e-05 0.000000000000000000e+00 2.959954184695632017e-05 1.000000000000000082e-05 0.000000000000000000e+00 2.959954184695632017e-05 1.920000000000000265e-03 1.648680266439462314e-03 2.191319733560537567e-03 2.920000000000000286e-03 2.585570546423642587e-03 3.254429453576357118e-03 0.000000000000000000e+00 0.000000000000000000e+00 0.000000000000000000e+00 0.000000000000000000e+00 0.000000000000000000e+00 0.000000000000000000e+00
-5.200000000000000000e+01 1.000000000000000082e-05 0.000000000000000000e+00 2.959954184695632017e-05 1.000000000000000082e-05 0.000000000000000000e+00 2.959954184695632017e-05 2.210000000000000159e-03 1.918952548117873816e-03 2.501047451882126502e-03 3.250000000000000284e-03 2.897237108549349620e-03 3.602762891450650082e-03 0.000000000000000000e+00 0.000000000000000000e+00 0.000000000000000000e+00 0.000000000000000000e+00 0.000000000000000000e+00 0.000000000000000000e+00
-5.100000000000000000e+01 1.000000000000000082e-05 0.000000000000000000e+00 2.959954184695632017e-05 1.000000000000000082e-05 0.000000000000000000e+00 2.959954184695632017e-05 2.520000000000000104e-03 2.209257640028684626e-03 2.830742359971315583e-03 3.500000000000000073e-03 3.133966558879165351e-03 3.866033441120834795e-03 0.000000000000000000e+00 0.000000000000000000e+00 0.000000000000000000e+00 0.000000000000000000e+00 0.000000000000000000e+00 0.000000000000000000e+00
-5.000000000000000000e+01 1.000000000000000082e-05 0.000000000000000000e+00 2.959954184695632017e-05 1.000000000000000082e-05 0.000000000000000000e+00 2.959954184695632017e-05 2.820000000000000024e-03 2.491330484266767679e-03 3.148669515733232369e-03 3.750000000000000295e-03 3.371166922471954819e-03 4.128833077528044904e-03 0.000000000000000000e+00 0.000000000000000000e+00 0.000000000000000000e+00 0.000000000000000000e+00 0.000000000000000000e+00 0.000000000000000000e+00
-4.900000000000000000e+01 1.000000000000000082e-05 0.000000000000000000e+00 2.959954184695632017e-05 1.000000000000000082e-05 0.000000000000000000e+00 2.959954184695632017e-05 3.080000000000000272e-03 2.736557842529760507e-03 3.423442157470239170e-03 4.020000000000000136e-03 3.627819111275620238e-03 4.412180888724380468e-03 0.000000000000000000e+00 0.000000000000000000e+00 0.000000000000000000e+00 0.000000000000000000e+00 0.000000000000000000e+00 0.000000000000000000e+00
-4.800000000000000000e+01 1.000000000000000082e-05 0.000000000000000000e+00 2.959954184695632017e-05 1.000000000000000082e-05 0.000000000000000000e+00 2.959954184695632017e-05 3.390000000000000218e-03 3.029744549337004284e-03 3.750255450662995284e-03 4.430000000000000777e-03 4.018390059273773546e-03 4.841609940726226274e-03 0.000000000000000000e+00 0.000000000000000000e+00 0.000000000000000000e+00 0.000000000000000000e+00 0.000000000000000000e+00 0.000000000000000000e+00
-4.700000000000000000e+01 1.000000000000000082e-05 0.000000000000000000e+00 2.959954184695632017e-05 1.000000000000000082e-05 0.000000000000000000e+00 2.959954184695632017e-05 3.610000000000000361e-03 3.238279620316445069e-03 3.981720379683554786e-03 4.840000000000000552e-03 4.409852673908002015e-03 5.270147326091997354e-03 0.000000000000000000e+00 0.000000000000000000e+00 0.000000000000000000e+00 0.000000000000000000e+00 0.000000000000000000e+00 0.000000000000000000e+00
-4.600000000000000000e+01 1.000000000000000082e-05 0.000000000000000000e+00 2.959954184695632017e-05 2.000000000000000164e-05 0.000000000000000000e+00 4.771779930484277654e-05 3.750000000000000295e-03 3.371166922471954819e-03 4.128833077528044904e-03 5.240000000000000734e-03 4.792520760473492972e-03 5.687479239526506761e-03 0.000000000000000000e+00 0.000000000000000000e+00 0.000000000000000000e+00 1.000000000000000082e-05 0.000000000000000000e+00 2.959954184695632017e-05
-4.500000000000000000e+01 1.000000000000000082e-05 0.000000000000000000e+00 2.959954184695632017e-05 2.000000000000000164e-05 0.000000000000000000e+00 4.771779930484277654e-05 3.900000000000000255e-03 3.513693634377527530e-03 4.286306365622472546e-03 5.800000000000000468e-03 5.329349020129588686e-03 6.270650979870410514e-03 0.000000000000000000e+00 0.000000000000000000e+00 0.000000000000000000e+00 1.000000000000000082e-05 0.000000000000000000e+00 2.959954184695632017e-05
-4.400000000000000000e+01 1.000000000000000082e-05 0.000000000000000000e+00 2.959954184695632017e-05 2.000000000000000164e-05 0.000000000000000000e+00 4.771779930484277654e-05 4.060000000000000241e-03 3.665880706620427802e-03 4.454119293379572679e-03 6.210000000000000242e-03 5.723098399320731243e-03 6.696901600679269241e-03 0.000000000000000000e+00 0.000000000000000000e+00 0.000000000000000000e+00 1.000000000000000082e-05 0.000000000000000000e+00 2.959954184695632017e-05
-4.300000000000000000e+01 1.000000000000000082e-05 0.000000000000000000e+00 2.959954184695632017e-05 2.000000000000000164e-05 0.000000000000000000e+00 4.771779930484277654e-05 4.360000000000000160e-03 3.951640650129956134e-03 4.768359349870044187e-03 6.810000000000000948e-03 6.300272791676640033e-03 7.319727208323360129e-03 0.000000000000000000e+00 0.000000000000000000e+00 0.000000000000000000e+00 1.000000000000000082e-05 0.000000000000000000e+00 2.959954184695632017e-05
-4.200000000000000000e+01 2.000000000000000164e-05 0.000000000000000000e+00 4.771779930484277654e-05 2.000000000000000164e-05 0.000000000000000000e+00 4.771779930484277654e-05 4.610000000000000382e-03 4.190149001473181603e-03 5.029850998526819161e-03 7.360000000000000223e-03 6.830235461430501920e-03 7.889764538569498525e-03 1.000000000000000082e-05 0.000000000000000000e+00 2.959954184695632017e-05 1.000000000000000082e-05 0.000000000000000000e+00 2.959954184695632017e-05
-4.100000000000000000e+01 2.000000000000000164e-05 0.000000000000000000e+00 4.771779930484277654e-05 2.000000000000000164e-05 0.000000000000000000e+00 4.771779930484277654e-05 5.060000000000000261e-03 4.620233852398223685e-03 5.499766147601776838e-03 7.900000000000000772e-03 7.351294439261966615e-03 8.448705560738034928e-03 1.000000000000000082e-05 0.000000000000000000e+00 2.959954184695632017e-05 1.000000000000000082e-05 0.000000000000000000e+00 2.959954184695632017e-05
-4.000000000000000000e+01 2.000000000000000164e-05 0.000000000000000000e+00 4.771779930484277654e-05 4.000000000000000327e-05 8.015043026327425173e-07 7.919849569736726403e-05 5.550000000000000246e-03 5.089546202974413666e-03 6.010453797025586825e-03 8.580000000000000820e-03 8.008362682180145478e-03 9.151637317819856163e-03 1.000000000000000082e-05 0.000000000000000000e+00 2.959954184695632017e-05 1.000000000000000082e-05 0.000000000000000000e+00 2.959954184695632017e-05
-3.900000000000000000e+01 2.000000000000000164e-05 0.000000000000000000e+00 4.771779930484277654e-05 6.000000000000000830e-05 1.199232353155454343e-05 1.080076764684454664e-04 5.960000000000000887e-03 5.482939838094901680e-03 6.437060161905098360e-03 9.300000000000000974e-03 8.705077154085897120e-03 9.894922845914101359e-03 1.000000000000000082e-05 0.000000000000000000e+00 2.959954184695632017e-05 1.000000000000000082e-05 0.000000000000000000e+00 2.959954184695632017e-05
-3.800000000000000000e+01 2.000000000000000164e-05 0.000000000000000000e+00 4.771779930484277654e-05 6.000000000000000830e-05 1.199232353155454343e-05 1.080076764684454664e-04 6.470000000000000924e-03 5.973075140022721281e-03 6.966924859977278832e-03 1.000000000000000021e-02 9.383311729275868943e-03 1.061668827072413147e-02 1.000000000000000082e-05 0.000000000000000000e+00 2.959954184695632017e-05 1.000000000000000082e-05 0.000000000000000000e+00 2.959954184695632017e-05
-3.700000000000000000e+01 3.000000000000000415e-05 0.000000000000000000e+00 6.394706280488567107e-05 9.000000000000000567e-05 3.120372647471408438e-05 1.487962735252859202e-04 7.330000000000000578e-03 6.801308258066604377e-03 7.858691741933394176e-03 1.068000000000000026e-02 1.004290805850000141e-02 1.131709194149999910e-02 1.000000000000000082e-05 0.000000000000000000e+00 2.959954184695632017e-05 1.000000000000000082e-05 0.000000000000000000e+00 2.959954184695632017e-05
-3.600000000000000000e+01 3.000000000000000415e-05 0.000000000000000000e+00 6.394706280488567107e-05 9.000000000000000567e-05 3.120372647471408438e-05 1.487962735252859202e-04 8.160000000000000586e-03 7.602411279378672865e-03 8.717588720621328308e-03 1.130000000000000102e-02 1.064488192822187103e-02 1.195511807177812753e-02 1.000000000000000082e-05 0.000000000000000000e+00 2.959954184695632017e-05 1.000000000000000082e-05 0.000000000000000000e+00 2.959954184695632017e-05
-3.500000000000000000e+01 3.000000000000000415e-05 0.000000000000000000e+00 6.394706280488567107e-05 1.000000000000000048e-04 3.802359582218360872e-05 1.619764041778164144e-04 9.190000000000000252e-03 8.598573149646782793e-03 9.781426850353217711e-03 1.214000000000000148e-02 1.146125735791232031e-02 1.281874264208767919e-02 2.000000000000000164e-05 0.000000000000000000e+00 4.771779930484277654e-05 2.000000000000000164e-05 0.000000000000000000e+00 4.771779930484277654e-05
-3.400000000000000000e+01 6.000000000000000830e-05 1.199232353155454343e-05 1.080076764684454664e-04 1.200000000000000166e-04 5.210892978629095196e-05 1.878910702137090677e-04 1.020000000000000073e-02 9.577238291194979658e-03 1.082276170880502181e-02 1.293000000000000052e-02 1.222980125219489886e-02 1.363019874780510218e-02 2.000000000000000164e-05 0.000000000000000000e+00 4.771779930484277654e-05 6.000000000000000830e-05 1.199232353155454343e-05 1.080076764684454664e-04
-3.300000000000000000e+01 8.000000000000000654e-05 2.456606451648253071e-05 1.354339354835174892e-04 1.200000000000000166e-04 5.210892978629095196e-05 1.878910702137090677e-04 1.130000000000000102e-02 1.064488192822187103e-02 1.195511807177812753e-02 1.386000000000000079e-02 1.313539889213479264e-02 1.458460110786520894e-02 3.000000000000000415e-05 0.000000000000000000e+00 6.394706280488567107e-05 6.000000000000000830e-05 1.199232353155454343e-05 1.080076764684454664e-04
-3.200000000000000000e+01 1.200000000000000166e-04 5.210892978629095196e-05 1.878910702137090677e-04 1.500000000000000140e-04 7.409661468151413364e-05 2.259033853184858401e-04 1.250000000000000069e-02 1.181139265674883282e-02 1.318860734325116857e-02 1.482000000000000157e-02 1.407108938515736971e-02 1.556891061484262997e-02 4.000000000000000327e-05 8.015043026327425173e-07 7.919849569736726403e-05 6.000000000000000830e-05 1.199232353155454343e-05 1.080076764684454664e-04
-3.100000000000000000e+01 1.400000000000000148e-04 6.666999643363622635e-05 2.133300035663637491e-04 1.900000000000000105e-04 1.045752670903527583e-04 2.754247329096472761e-04 1.371000000000000170e-02 1.298927575258079781e-02 1.443072424741920212e-02 1.587000000000000216e-02 1.509542622317587915e-02 1.664457377682411823e-02 4.000000000000000327e-05 8.015043026327425173e-07 7.919849569736726403e-05 6.000000000000000830e-05 1.199232353155454343e-05 1.080076764684454664e-04
-3.000000000000000000e+01 1.700000000000000122e-04 8.919548395305597680e-05 2.508045160469440341e-04 2.200000000000000078e-04 1.280796532890684765e-04 3.119203467109315391e-04 1.504000000000000128e-02 1.428563538967111794e-02 1.579436461032888289e-02 1.677999999999999978e-02 1.598389670521069630e-02 1.757610329478930325e-02 6.000000000000000830e-05 1.199232353155454343e-05 1.080076764684454664e-04 8.000000000000000654e-05 2.456606451648253071e-05 1.354339354835174892e-04
-2.900000000000000000e+01 1.900000000000000105e-04 1.045752670903527583e-04 2.754247329096472761e-04 2.700000000000000035e-04 1.681710336279806082e-04 3.718289663720193987e-04 1.643999999999999975e-02 1.565186715518581198e-02 1.722813284481418752e-02 1.810000000000000150e-02 1.727373185750438050e-02 1.892626814249562250e-02 7.000000000000000742e-05 1.814604216644909629e-05 1.218539578335508914e-04 9.000000000000000567e-05 3.120372647471408438e-05 1.487962735252859202e-04
-2.800000000000000000e+01 2.300000000000000070e-04 1.360142396110967000e-04 3.239857603889033139e-04 3.000000000000000279e-04 1.926644553321512124e-04 4.073355446678487350e-04 1.760000000000000106e-02 1.678501690226165757e-02 1.841498309773834455e-02 1.949999999999999997e-02 1.864298347573126527e-02 2.035701652426873468e-02 8.000000000000000654e-05 2.456606451648253071e-05 1.354339354835174892e-04 1.000000000000000048e-04 3.802359582218360872e-05 1.619764041778164144e-04
-2.700000000000000000e+01 3.000000000000000279e-04 1.926644553321512124e-04 4.073355446678487350e-04 3.500000000000000507e-04 2.340672605112166776e-04 4.659327394887833153e-04 1.867000000000000257e-02 1.783106601507130143e-02 1.950893398492869676e-02 2.093000000000000069e-02 2.004276313848563085e-02 2.181723686151437053e-02 1.100000000000000039e-04 4.499892396085864756e-05 1.750010760391413603e-04 1.100000000000000039e-04 4.499892396085864756e-05 1.750010760391413603e-04
-2.600000000000000000e+01 3.500000000000000507e-04 2.340672605112166776e-04 4.659327394887833153e-04 4.300000000000000436e-04 3.015042021246403404e-04 5.584957978753596385e-04 1.951000000000000303e-02 1.865276812750523913e-02 2.036723187249476000e-02 2.254000000000000101e-02 2.162002813891805708e-02 2.345997186108194493e-02 1.400000000000000148e-04 6.666999643363622635e-05 2.133300035663637491e-04 1.300000000000000157e-04 5.933708709399484896e-05 2.006629129060051283e-04
-2.500000000000000000e+01 4.000000000000000192e-04 2.760657878200559710e-04 5.239342121799440673e-04 5.000000000000000104e-04 3.614442694926734475e-04 6.385557305073265733e-04 2.017000000000000043e-02 1.929868256102048457e-02 2.104131743897951629e-02 2.441000000000000114e-02 2.345354255780194436e-02 2.536645744219805793e-02 1.900000000000000105e-04 1.045752670903527583e-04 2.754247329096472761e-04 1.600000000000000131e-04 8.160771275404382120e-05 2.383922872459562185e-04
-2.400000000000000000e+01 4.700000000000000401e-04 3.356632192036466500e-04 6.043367807963533761e-04 5.800000000000000034e-04 4.307768835181588723e-04 7.292231164818410803e-04 2.099000000000000171e-02 2.010151955376045588e-02 2.187848044623954755e-02 2.645000000000000129e-02 2.545541922594112688e-02 2.744458077405887569e-02 2.300000000000000070e-04 1.360142396110967000e-04 3.239857603889033139e-04 2.300000000000000070e-04 1.360142396110967000e-04 3.239857603889033139e-04
-2.300000000000000000e+01 5.400000000000000069e-04 3.960115423451340128e-04 6.839884576548660011e-04 6.400000000000000524e-04 4.832530643453823781e-04 7.967469356546176724e-04 2.180000000000000340e-02 2.089491333342499702e-02 2.270508666657500285e-02 2.855000000000000246e-02 2.751780589692431195e-02 2.958219410307568603e-02 2.700000000000000035e-04 1.681710336279806082e-04 3.718289663720193987e-04 2.500000000000000052e-04 1.520140513136072923e-04 3.479859486863927181e-04
-2.200000000000000000e+01 6.100000000000000821e-04 4.569686151864188212e-04 7.630313848135811261e-04 7.100000000000000191e-04 5.449091376453161486e-04 8.750908623546838896e-04 2.268000000000000224e-02 2.175724159583532907e-02 2.360275840416466847e-02 3.063000000000000098e-02 2.956201199013842873e-02 3.169798800986157322e-02 3.300000000000000524e-04 2.174272201656418115e-04 4.425727798343581849e-04 2.700000000000000035e-04 1.681710336279806082e-04 3.718289663720193987e-04
-2.100000000000000000e+01 8.000000000000000383e-04 6.247656277179030465e-04 9.752343722820970302e-04 8.900000000000000576e-04 7.051796674906708143e-04 1.074820332509329084e-03 2.396000000000000213e-02 2.301218122767211688e-02 2.490781877232788044e-02 3.309000000000000136e-02 3.198136266371810754e-02 3.419863733628189517e-02 4.200000000000000174e-04 2.930064934197199652e-04 5.469935065802800696e-04 3.700000000000000489e-04 2.508021028732354855e-04 4.891978971267645039e-04
-2.000000000000000000e+01 9.800000000000001852e-04 7.860685608977015584e-04 1.173931439102298378e-03 1.000000000000000021e-03 8.041016242570288731e-04 1.195898375742971169e-03 2.537000000000000366e-02 2.439539594894038835e-02 2.634460405105961203e-02 3.548000000000000459e-02 3.433344335589387508e-02 3.662655664410612022e-02 5.100000000000000366e-04 3.700662715741933131e-04 6.499337284258067601e-04 4.200000000000000174e-04 2.930064934197199652e-04 5.469935065802800696e-04
-1.900000000000000000e+01 1.080000000000000014e-03 8.764245877130246191e-04 1.283575412286975300e-03 1.150000000000000197e-03 9.399381682811491865e-04 1.360061831718850775e-03 2.700000000000000316e-02 2.599541568458164920e-02 2.800458431541835019e-02 3.777000000000000496e-02 3.658842571707256186e-02 3.895157428292743418e-02 6.199999999999999999e-04 4.657201305399928572e-04 7.742798694600071426e-04 5.100000000000000366e-04 3.700662715741933131e-04 6.499337284258067601e-04
-1.800000000000000000e+01 1.240000000000000000e-03 1.021883005921638086e-03 1.458116994078361914e-03 1.360000000000000098e-03 1.131586365689146029e-03 1.588413634310854167e-03 2.921000000000000332e-02 2.816629799795391034e-02 3.025370200204608936e-02 3.998000000000000165e-02 3.876574576658851912e-02 4.119425423341148418e-02 6.800000000000000488e-04 5.184321904736802168e-04 8.415678095263198809e-04 5.900000000000000296e-04 4.394967278630112313e-04 7.405032721369888280e-04
-1.700000000000000000e+01 1.430000000000000064e-03 1.195790036197215541e-03 1.664209963802784588e-03 1.560000000000000189e-03 1.315391594868516381e-03 1.804608405131483562e-03 3.170000000000000595e-02 3.061411786522810416e-02 3.278588213477189039e-02 4.245000000000000162e-02 4.120040963295995562e-02 4.369959036704004762e-02 7.800000000000000943e-04 6.069681897281626985e-04 9.530318102718372732e-04 7.200000000000000453e-04 5.537514229039201125e-04 8.862485770960799782e-04
-1.600000000000000000e+01 1.580000000000000024e-03 1.333831051533774159e-03 1.826168948466225890e-03 1.750000000000000036e-03 1.490948104261398096e-03 2.009051895738601760e-03 3.488000000000000128e-02 3.374282582887427884e-02 3.601717417112572373e-02 4.496000000000000690e-02 4.367568361541276228e-02 4.624431638458723764e-02 8.700000000000001135e-04 6.872662709343864331e-04 1.052733729065613577e-03 8.200000000000000908e-04 6.425904952924406995e-04 9.974095047075592652e-04
-1.500000000000000000e+01 1.860000000000000108e-03 1.592945258503897883e-03 2.127054741496102550e-03 2.090000000000000278e-03 1.806947547988432779e-03 2.373052452011567125e-03 3.854000000000000481e-02 3.734692002458730314e-02 3.973307997541269260e-02 4.794000000000000344e-02 4.661587414603161200e-02 4.926412585396839489e-02 1.069999999999999988e-03 8.673682440499786653e-04 1.272631755950021310e-03 9.800000000000001852e-04 7.860685608977015584e-04 1.173931439102298378e-03
-1.400000000000000000e+01 2.320000000000000014e-03 2.021813679119013538e-03 2.618186320880986490e-03 2.410000000000000250e-03 2.106098631446049786e-03 2.713901368553949846e-03 4.274000000000000021e-02 4.148633845088230132e-02 4.399366154911769911e-02 5.066000000000000364e-02 4.930077431166490082e-02 5.201922568833509258e-02 1.270000000000000078e-03 1.049263577691635996e-03 1.490736422308364161e-03 1.160000000000000007e-03 9.490278889280371558e-04 1.370972111071962858e-03
-1.300000000000000000e+01 2.750000000000000274e-03 2.425423957683605931e-03 3.074576042316393750e-03 2.810000000000000431e-03 2.481912104106896028e-03 3.138087895893103968e-03 4.750000000000000056e-02 4.618166012531373793e-02 4.881833987468626318e-02 5.374000000000000304e-02 5.234233798225741696e-02 5.513766201774258913e-02 1.610000000000000103e-03 1.361508727398558043e-03 1.858491272601442163e-03 1.440000000000000091e-03 1.204973723750110215e-03 1.675026276249889966e-03
-1.200000000000000000e+01 3.100000000000000325e-03 2.755448031134853128e-03 3.444551968865146654e-03 3.210000000000000180e-03 2.859407643571714158e-03 3.560592356428286202e-03 5.257000000000000561e-02 5.118678195578617307e-02 5.395321804421382428e-02 5.655000000000000304e-02 5.511839291164122995e-02 5.798160708835877614e-02 1.780000000000000115e-03 1.518741020772336643e-03 2.041258979227663153e-03 1.740000000000000227e-03 1.481688019107083422e-03 1.998311980892916381e-03
-1.100000000000000000e+01 3.500000000000000073e-03 3.133966558879165351e-03 3.866033441120834795e-03 3.780000000000000374e-03 3.399660335463020738e-03 4.160339664536979142e-03 5.815000000000000724e-02 5.669951306405660724e-02 5.960048693594339336e-02 5.975000000000000450e-02 5.828094276334983698e-02 6.121905723665015814e-02 2.040000000000000147e-03 1.760346833037996746e-03 2.319653166962003764e-03 1.979999999999999989e-03 1.704481789897405826e-03 2.255518210102593936e-03
-1.000000000000000000e+01 4.080000000000000293e-03 3.684915129012521998e-03 4.475084870987479022e-03 4.260000000000000765e-03 3.856330564470598563e-03 4.663669435529401233e-03 6.348000000000000864e-02 6.196878909686059228e-02 6.499121090313939031e-02 6.271000000000000185e-02 6.120736505955366724e-02 6.421263494044633646e-02 2.380000000000000171e-03 2.077991516114065500e-03 2.682008483885934842e-03 2.309999999999999987e-03 2.012455524880895491e-03 2.607544475119104484e-03
-9.000000000000000000e+00 4.940000000000000814e-03 4.505453556570160160e-03 5.374546443429839733e-03 4.800000000000000447e-03 4.371625221002647249e-03 5.228374778997351910e-03 6.861000000000000432e-02 6.704322156234411578e-02 7.017677843765589285e-02 6.575999999999999901e-02 6.422376299493433305e-02 6.729623700506566497e-02 2.830000000000000050e-03 2.500749903522940087e-03 3.159250096477060014e-03 2.690000000000000117e-03 2.368974657581449181e-03 3.011025342418551052e-03
-8.000000000000000000e+00 5.820000000000000520e-03 5.348542993405742615e-03 6.291457006594256690e-03 5.540000000000000653e-03 5.079958900215380407e-03 6.000041099784619164e-03 7.340000000000000691e-02 7.178362446332875457e-02 7.501637553667125924e-02 6.922999999999999987e-02 6.765668223935789038e-02 7.080331776064210936e-02 3.380000000000000192e-03 3.020274487257367142e-03 3.739725512742633241e-03 3.210000000000000180e-03 2.859407643571714158e-03 3.560592356428286202e-03
-7.000000000000000000e+00 6.750000000000000791e-03 6.242507925459249603e-03 7.257492074540750245e-03 6.380000000000000254e-03 5.886521094679748010e-03 6.873478905320252498e-03 7.702000000000000512e-02 7.536748278135381451e-02 7.867251721864619574e-02 7.298000000000000320e-02 7.136789036910652639e-02 7.459210963089348001e-02 4.020000000000000136e-03 3.627819111275620238e-03 4.412180888724380468e-03 3.830000000000000505e-03 3.447162732901254585e-03 4.212837267098745557e-03
-6.000000000000000000e+00 7.690000000000000654e-03 7.148579189186715296e-03 8.231420810813284278e-03 7.470000000000000945e-03 6.936320877951203216e-03 8.003679122048796071e-03 8.015000000000001290e-02 7.846709980515280403e-02 8.183290019484719402e-02 7.797000000000001152e-02 7.630817845917683973e-02 7.963182154082315556e-02 4.880000000000000657e-03 4.448087543499289719e-03 5.311912456500709860e-03 4.650000000000000487e-03 4.228339928699939229e-03 5.071660071300060010e-03
-5.000000000000000000e+00 8.700000000000001135e-03 8.124413935871439840e-03 9.275586064128558961e-03 8.440000000000001321e-03 7.873005542305669749e-03 9.006994457694329423e-03 8.315000000000000169e-02 8.143869128335214091e-02 8.486130871664786246e-02 8.266000000000001124e-02 8.095328519029681980e-02 8.436671480970317494e-02 5.520000000000000601e-03 5.060785432467767263e-03 5.979214567532232204e-03 5.380000000000000233e-03 4.926614295167517331e-03 5.833385704832483136e-03
-4.000000000000000000e+00 9.870000000000000301e-03 9.257293091678726882e-03 1.048270690832127372e-02 9.670000000000001511e-03 9.063471383961203137e-03 1.027652861603879642e-02 8.553000000000000880e-02 8.379662687672581600e-02 8.726337312327417384e-02 8.819000000000000450e-02 8.643244089934383478e-02 8.994755910065617421e-02 6.360000000000000202e-03 5.867290221054005661e-03 6.852709778945994742e-03 6.250000000000000347e-03 5.761542625768072481e-03 6.738457374231928212e-03
-3.000000000000000000e+00 1.129000000000000142e-02 1.063516855608202631e-02 1.194483144391797307e-02 1.103000000000000161e-02 1.038266750850264271e-02 1.167733249149735704e-02 8.817000000000001225e-02 8.641262092977333720e-02 8.992737907022665955e-02 9.409000000000000696e-02 9.228048431424207276e-02 9.589951568575791341e-02 7.410000000000000787e-03 6.878452423048783682e-03 7.941547576951216159e-03 7.210000000000000263e-03 6.685622051209971599e-03 7.734377948790028927e-03
-2.000000000000000000e+00 1.259000000000000050e-02 1.189894960955338067e-02 1.328105039044662032e-02 1.245000000000000100e-02 1.176275385343541341e-02 1.313724614656458511e-02 9.089000000000001245e-02 8.910838295011902499e-02 9.267161704988097215e-02 1.009500000000000119e-01 9.908278995383590360e-02 1.028172100461640925e-01 8.460000000000000506e-03 7.892339870442348360e-03 9.027660129557652652e-03 8.370000000000000703e-03 7.805341788045597889e-03 8.934658211954403517e-03
-1.000000000000000000e+00 1.406000000000000132e-02 1.333026362561516229e-02 1.478973637438483688e-02 1.402000000000000121e-02 1.329128761514742664e-02 1.474871238485257231e-02 9.425000000000001432e-02 9.243910636685911952e-02 9.606089363314088136e-02 1.078900000000000137e-01 1.059671389986271972e-01 1.098128610013728024e-01 9.710000000000001616e-03 9.102230498779810206e-03 1.031776950122018956e-02 9.590000000000001301e-03 8.985961107034578024e-03 1.019403889296542111e-02
0.000000000000000000e+00 1.534000000000000120e-02 1.457826498621777288e-02 1.610173501378222780e-02 1.598000000000000115e-02 1.520278989009627574e-02 1.675721010990372656e-02 9.792000000000000703e-02 9.607792919056461212e-02 9.976207080943537420e-02 1.160200000000000120e-01 1.140351132108350374e-01 1.180048867891649589e-01 1.104000000000000120e-02 1.039237740748902988e-02 1.168762259251096905e-02 1.103000000000000161e-02 1.038266750850264271e-02 1.167733249149735704e-02
1.000000000000000000e+00 1.713000000000000286e-02 1.632578010575049671e-02 1.793421989424950208e-02 1.825000000000000233e-02 1.742037853451588666e-02 1.907962146548411106e-02 1.027600000000000041e-01 1.008780223905639817e-01 1.046419776094360266e-01 1.245500000000000079e-01 1.225033874615207991e-01 1.265966125384791752e-01 1.270000000000000122e-02 1.200597595049144282e-02 1.339402404950855614e-02 1.291000000000000134e-02 1.221033590393469544e-02 1.360966409606530376e-02
2.000000000000000000e+00 1.930000000000000118e-02 1.844730280730334099e-02 2.015269719269666138e-02 2.066000000000000128e-02 1.977838291841109430e-02 2.154161708158890826e-02 1.089700000000000113e-01 1.070387089418584625e-01 1.109012910581415323e-01 1.329600000000000226e-01 1.308556006398600147e-01 1.350643993601399750e-01 1.476000000000000055e-02 1.401258417735326209e-02 1.550741582264673901e-02 1.499000000000000159e-02 1.423687124911440782e-02 1.574312875088559188e-02
3.000000000000000000e+00 2.165000000000000258e-02 2.074796338607601265e-02 2.255203661392398556e-02 2.350000000000000352e-02 2.256110257933795910e-02 2.443889742066204102e-02 1.159900000000000098e-01 1.140053361732490528e-01 1.179746638267509390e-01 1.419400000000000106e-01 1.397769860518759955e-01 1.441030139481240258e-01 1.711999999999999980e-02 1.631601079023342962e-02 1.792398920976656998e-02 1.739000000000000268e-02 1.657980702753700936e-02 1.820019297246298906e-02
4.000000000000000000e+00 2.400000000000000050e-02 2.305140982813472586e-02 2.494859017186527514e-02 2.621000000000000066e-02 2.521981975686773264e-02 2.720018024313226868e-02 1.247500000000000137e-01 1.227019788944120615e-01 1.267980211055879380e-01 1.512500000000000233e-01 1.490293215590113018e-01 1.534706784409886893e-01 1.948000000000000079e-02 1.862341434805473567e-02 2.033658565194526591e-02 1.979000000000000203e-02 1.892676199470239365e-02 2.065323800529760348e-02
5.000000000000000000e+00 2.744000000000000258e-02 2.642749227266379120e-02 2.845250772733620703e-02 2.955000000000000335e-02 2.850042514937888016e-02 3.059957485062111959e-02 1.353800000000000003e-01 1.332595014271243661e-01 1.375004985728756346e-01 1.599000000000000143e-01 1.576283688506121827e-01 1.621716311493877904e-01 2.280000000000000082e-02 2.187486045831736267e-02 2.372513954168263897e-02 2.297000000000000083e-02 2.204149865293012975e-02 2.389850134706987192e-02
6.000000000000000000e+00 3.118000000000000285e-02 3.010277184886927734e-02 3.225722815113071795e-02 3.325000000000000178e-02 3.213877755165481936e-02 3.436122244834518419e-02 1.464799999999999991e-01 1.442884867148635786e-01 1.486715132851364196e-01 1.686600000000000044e-01 1.663391692097538344e-01 1.709808307902461744e-01 2.627000000000000168e-02 2.527871758346748182e-02 2.726128241653252154e-02 2.656000000000000374e-02 2.556340955175908855e-02 2.755659044824091200e-02
7.000000000000000000e+00 3.559999999999999970e-02 3.445157750472347541e-02 3.674842249527652399e-02 3.761000000000000454e-02 3.643083302173617810e-02 3.878916697826381710e-02 1.601100000000000023e-01 1.578371617740379762e-01 1.623828382259620284e-01 1.772700000000000109e-01 1.749030211342842700e-01 1.796369788657157518e-01 3.046000000000000096e-02 2.939488645852387713e-02 3.152511354147612133e-02 3.074000000000000343e-02 2.967015670841462172e-02 3.180984329158537821e-02
8.000000000000000000e+00 4.077000000000000068e-02 3.954431231326124840e-02 4.199568768673875296e-02 4.212000000000000466e-02 4.087506170857341942e-02 4.336493829142657602e-02 1.739700000000000135e-01 1.716204581613565705e-01 1.763195418386434565e-01 1.856800000000000117e-01 1.832699380539944967e-01 1.880900619460055267e-01 3.527000000000000274e-02 3.412671708690949435e-02 3.641328291309051113e-02 3.500000000000000333e-02 3.386094218026939467e-02 3.613905781973061199e-02
9.000000000000000000e+00 4.693000000000000643e-02 4.561920200680595616e-02 4.824079799319404283e-02 4.719000000000000278e-02 4.587575530405315488e-02 4.850424469594685067e-02 1.894600000000000173e-01 1.870311869731857146e-01 1.918888130268142644e-01 1.940200000000000258e-01 1.915690555188695188e-01 1.964709444811304773e-01 4.098000000000000254e-02 3.975129422297141862e-02 4.220870577702858645e-02 4.003000000000000308e-02 3.881501835602017142e-02 4.124498164397983474e-02
1.000000000000000000e+01 5.420000000000000512e-02 5.279671013332384172e-02 5.560328986667615464e-02 5.278000000000000747e-02 5.139417556803901888e-02 5.416582443196098218e-02 2.058600000000000152e-01 2.033539910886724422e-01 2.083660089113275327e-01 2.013600000000000112e-01 1.988745202946986257e-01 2.038454797053013967e-01 4.792000000000000426e-02 4.659613647461986752e-02 4.924386352538012712e-02 4.511000000000000426e-02 4.382364399808750394e-02 4.639635600191249071e-02
1.100000000000000000e+01 6.190000000000000363e-02 6.040645613064427044e-02 6.339354386935572294e-02 5.917000000000000731e-02 5.770763947816028722e-02 6.063236052183971353e-02 2.218000000000000249e-01 2.192250163538465024e-01 2.243749836461534919e-01 2.094200000000000228e-01 2.068980871162168778e-01 2.119419128837831123e-01 5.564000000000000196e-02 5.421927362349989593e-02 5.706072637650010798e-02 5.174000000000000127e-02 5.036714389648640905e-02 5.311285610351359349e-02
1.200000000000000000e+01 7.003000000000000891e-02 6.844829814627581555e-02 7.161170185372417452e-02 6.600999999999999923e-02 6.447105155699975332e-02 6.754894844300024515e-02 2.365400000000000280e-01 2.339061348785938244e-01 2.391738651214061762e-01 2.178900000000000281e-01 2.153314102256716489e-01 2.204485897743283518e-01 6.368000000000000049e-02 6.216657198664703177e-02 6.519342801335296922e-02 5.866000000000000381e-02 5.720356074097705801e-02 6.011643925902293573e-02
1.300000000000000000e+01 7.945000000000000673e-02 7.777382741584694392e-02 8.112617258415306953e-02 7.340000000000000691e-02 7.178362446332875457e-02 7.501637553667125924e-02 2.485700000000000132e-01 2.458913454302127655e-01 2.512486545697872331e-01 2.263000000000000289e-01 2.237065572440288530e-01 2.288934427559711493e-01 7.323999999999999955e-02 7.162524774659685678e-02 7.485475225340314231e-02 6.649000000000000743e-02 6.494586330114776596e-02 6.803413669885222115e-02
1.400000000000000000e+01 8.921000000000001151e-02 8.744329520593746574e-02 9.097670479406252952e-02 8.096000000000000418e-02 7.926936230579215148e-02 8.265063769420785689e-02 2.590600000000000125e-01 2.563445626198186389e-01 2.617754373801813861e-01 2.343500000000000305e-01 2.317245985946712883e-01 2.369754014053287172e-01 8.333000000000000129e-02 8.161700817204629865e-02 8.504299182795370393e-02 7.440000000000000779e-02 7.277352934621639236e-02 7.602647065378359548e-02
1.500000000000000000e+01 9.963000000000001022e-02 9.777367649329155030e-02 1.014863235067084424e-01 8.914000000000001089e-02 8.737392061471871418e-02 9.090607938528127985e-02 2.669300000000000006e-01 2.641883026789104139e-01 2.696716973210895874e-01 2.432300000000000295e-01 2.405708758480016030e-01 2.458891241519984006e-01 9.416000000000000758e-02 9.234988126634124939e-02 9.597011873365873802e-02 8.321000000000000618e-02 8.149812998159507160e-02 8.492187001840494076e-02
1.600000000000000000e+01 1.098800000000000054e-01 1.079416522430602654e-01 1.118183477569397455e-01 9.705000000000001126e-02 9.521524655402899273e-02 9.888475344597100203e-02 2.726300000000000390e-01 2.698699776097763792e-01 2.753900223902235878e-01 2.524900000000000477e-01 2.497973575661014967e-01 2.551826424338984878e-01 1.046700000000000130e-01 1.027726354962071459e-01 1.065673645037928524e-01 9.177000000000000435e-02 8.998064554701740159e-02 9.355935445298260711e-02
1.700000000000000000e+01 1.203400000000000164e-01 1.183234429332351428e-01 1.223565570667648622e-01 1.056800000000000100e-01 1.037745789230129501e-01 1.075854210769870423e-01 2.780900000000000039e-01 2.753129589087788265e-01 2.808670410912211812e-01 2.623600000000000376e-01 2.596334144314461634e-01 2.650865855685538008e-01 1.154200000000000087e-01 1.134395805453757428e-01 1.174004194546242469e-01 1.010300000000000087e-01 9.916213335452697675e-02 1.028978666454730129e-01
1.800000000000000000e+01 1.310100000000000153e-01 1.289187415743840992e-01 1.331012584256158759e-01 1.144900000000000084e-01 1.125165387476977918e-01 1.164634612523021973e-01 2.833900000000000308e-01 2.805969302339541005e-01 2.861830697660458500e-01 2.735400000000000054e-01 2.707771050952360037e-01 2.763028949047640070e-01 1.266200000000000103e-01 1.245588914403747971e-01 1.286811085596252235e-01 1.107000000000000067e-01 1.087553294038649393e-01 1.126446705961350742e-01
1.900000000000000000e+01 1.400300000000000156e-01 1.378791987212557579e-01 1.421808012787442177e-01 1.238000000000000073e-01 1.217586849486811257e-01 1.258413150513188472e-01 2.890300000000000091e-01 2.862203954968203234e-01 2.918396045031796948e-01 2.854300000000000170e-01 2.826308879146465780e-01 2.882291120853534561e-01 1.365300000000000125e-01 1.344019307185327916e-01 1.386580692814672333e-01 1.208000000000000046e-01 1.187801207959518074e-01 1.228198792040482018e-01
2.000000000000000000e+01 1.489700000000000191e-01 1.467631646358980024e-01 1.511768353641019802e-01 1.350200000000000011e-01 1.329018818787688905e-01 1.371381181212311118e-01 2.964100000000000068e-01 2.935795574403040620e-01 2.992404425596959516e-01 2.998200000000000309e-01 2.969802295113030399e-01 3.026597704886969109e-01 1.462400000000000089e-01 1.440499749521655937e-01 1.484300250478344241e-01 1.329300000000000204e-01 1.308258016607370122e-01 1.350341983392629730e-01
2.100000000000000000e+01 1.576900000000000246e-01 1.554311564826723058e-01 1.599488435173276879e-01 1.466700000000000226e-01 1.444773099590349053e-01 1.488626900409650844e-01 3.050100000000000033e-01 3.021563913813876123e-01 3.078636086186123944e-01 3.151000000000000467e-01 3.122207069051639583e-01 3.179792930948360241e-01 1.558100000000000041e-01 1.535621576122998266e-01 1.580578423877001815e-01 1.452800000000000202e-01 1.430959481733742322e-01 1.474640518266257527e-01
2.200000000000000000e+01 1.674100000000000033e-01 1.650960477943528570e-01 1.697239522056471495e-01 1.593100000000000072e-01 1.570417675954521863e-01 1.615782324045478280e-01 3.162000000000000366e-01 3.133180026838128795e-01 3.190819973161870826e-01 3.317300000000000249e-01 3.288117906274023450e-01 3.346482093725977047e-01 1.662200000000000066e-01 1.639126394303580259e-01 1.685273605696419874e-01 1.585100000000000120e-01 1.562463936495021299e-01 1.607736063504978941e-01
2.300000000000000000e+01 1.783000000000000140e-01 1.759276410201625340e-01 1.806723589798374385e-01 1.737300000000000233e-01 1.713817383086795876e-01 1.760782616913204035e-01 3.298000000000000376e-01 3.268860933913432798e-01 3.327139066086566843e-01 3.507800000000000362e-01 3.478222501019720969e-01 3.537377498980278645e-01 1.777100000000000068e-01 1.753407192338335141e-01 1.800792807661664996e-01 1.733800000000000063e-01 1.710336081325256052e-01 1.757263918674744074e-01
2.400000000000000000e+01 1.909500000000000086e-01 1.885138972418355929e-01 1.933861027581644243e-01 1.903300000000000269e-01 1.878969236414681221e-01 1.927630763585318763e-01 3.457000000000000073e-01 3.427522799127875053e-01 3.486477200872125093e-01 3.721600000000000463e-01 3.691640302210014712e-01 3.751559697789985104e-01 1.906700000000000061e-01 1.882352627861141325e-01 1.931047372138858798e-01 1.902100000000000180e-01 1.877775105323250537e-01 1.926424894676749267e-01
2.500000000000000000e+01 2.052400000000000058e-01 2.027367910982029453e-01 2.077432089017970662e-01 2.075400000000000300e-01 2.050264491691322633e-01 2.100535508308677413e-01 3.636900000000000133e-01 3.607084084755721176e-01 3.666715915244279089e-01 3.949300000000000588e-01 3.919002209100207468e-01 3.979597790899792598e-01 2.051300000000000068e-01 2.026272888175550124e-01 2.076327111824450011e-01 2.074700000000000155e-01 2.049567621026136266e-01 2.099832378973863489e-01
2.600000000000000000e+01 2.228200000000000180e-01 2.202407942761702153e-01 2.253992057238297653e-01 2.268800000000000261e-01 2.242842094209526738e-01 2.294757905790473229e-01 3.853400000000000158e-01 3.823236091594804931e-01 3.883563908405195386e-01 4.187500000000000111e-01 4.156922147317420602e-01 4.218077852682579620e-01 2.228000000000000258e-01 2.202208768466302202e-01 2.253791231533697759e-01 2.268700000000000161e-01 2.242742498404925733e-01 2.294657501595074034e-01
2.700000000000000000e+01 2.429000000000000326e-01 2.402421010137186785e-01 2.455578989862813311e-01 2.473600000000000243e-01 2.446857224717590706e-01 2.500342775282409225e-01 4.104100000000000525e-01 4.073611776984585320e-01 4.134588223015414621e-01 4.430500000000000549e-01 4.399711922889262272e-01 4.461288077110737715e-01 2.428900000000000226e-01 2.402321381733390770e-01 2.455478618266609125e-01 2.473600000000000243e-01 2.446857224717590706e-01 2.500342775282409225e-01
2.800000000000000000e+01 2.673400000000000221e-01 2.645969652865489130e-01 2.700830347134511311e-01 2.688800000000000079e-01 2.661319687133359424e-01 2.716280312866640734e-01 4.387100000000000444e-01 4.356343953390886536e-01 4.417856046609113241e-01 4.658400000000000318e-01 4.627482657207264705e-01 4.689317342792734822e-01 2.673300000000000121e-01 2.645869978701075875e-01 2.700730021298924366e-01 2.688800000000000079e-01 2.661319687133359424e-01 2.716280312866640734e-01
2.900000000000000000e+01 2.938900000000000401e-01 2.910665722653781873e-01 2.967134277346217819e-01 2.919300000000000228e-01 2.891121001638614074e-01 2.947478998361386382e-01 4.686200000000000365e-01 4.655271340090938459e-01 4.717128659909061161e-01 4.868300000000000405e-01 4.837321000526700332e-01 4.899278999473299367e-01 2.938900000000000401e-01 2.910665722653781873e-01 2.967134277346217819e-01 2.919300000000000228e-01 2.891121001638614074e-01 2.947478998361386382e-01
3.000000000000000000e+01 3.242300000000000182e-01 3.213288235523555914e-01 3.271311764476444450e-01 3.168500000000000205e-01 3.139664135036291936e-01 3.197335864963708474e-01 5.015600000000000058e-01 4.984610399218458165e-01 5.046589600781542506e-01 5.061100000000000598e-01 5.030112562296170653e-01 5.092087437703828323e-01 3.242300000000000182e-01 3.213288235523555914e-01 3.271311764476444450e-01 3.168500000000000205e-01 3.139664135036291936e-01 3.197335864963708474e-01
3.100000000000000000e+01 3.570600000000000440e-01 3.540903592484051510e-01 3.600296407515948260e-01 3.435800000000000520e-01 3.406365752924256363e-01 3.465234247075743568e-01 5.328600000000000003e-01 5.297677245007846869e-01 5.359522754992153137e-01 5.242900000000000338e-01 5.211946838146656047e-01 5.273853161853344629e-01 3.570600000000000440e-01 3.540903592484051510e-01 3.600296407515948260e-01 3.435800000000000520e-01 3.406365752924256363e-01 3.465234247075743568e-01
3.200000000000000000e+01 3.914700000000000402e-01 3.884449097861098488e-01 3.944950902138901205e-01 3.715900000000000314e-01 3.685949667805043517e-01 3.745850332194956001e-01 5.623600000000000820e-01 5.592852217041028862e-01 5.654347782958970559e-01 5.396000000000000796e-01 5.365107595057857504e-01 5.426892404942141868e-01 3.914700000000000402e-01 3.884449097861098488e-01 3.944950902138901205e-01 3.715900000000000314e-01 3.685949667805043517e-01 3.745850332194956001e-01
3.300000000000000000e+01 4.263100000000000223e-01 4.232448658208197712e-01 4.293751341791802734e-01 4.006100000000000216e-01 3.975728675604513485e-01 4.036471324395486948e-01 5.880100000000000326e-01 5.849594104066354605e-01 5.910605895933646048e-01 5.531300000000000106e-01 5.500485700606325690e-01 5.562114299393674521e-01 4.263100000000000223e-01 4.232448658208197712e-01 4.293751341791802734e-01 4.006100000000000216e-01 3.975728675604513485e-01 4.036471324395486948e-01
3.400000000000000000e+01 4.608300000000000174e-01 4.577405489200424005e-01 4.639194510799576343e-01 4.313600000000000212e-01 4.282903650615271229e-01 4.344296349384729194e-01 6.086600000000000898e-01 6.056350890628316996e-01 6.116849109371682580e-01 5.656900000000000261e-01 5.626178865029408671e-01 5.687621134970591852e-01 4.608300000000000174e-01 4.577405489200424005e-01 4.639194510799576343e-01 4.313600000000000212e-01 4.282903650615271229e-01 4.344296349384729194e-01
3.500000000000000000e+01 4.972100000000000408e-01 4.941110730843178422e-01 5.003089269156821839e-01 4.649800000000000599e-01 4.618886353522445032e-01 4.680713646477555057e-01 6.245800000000000241e-01 6.215787592788264426e-01 6.275812407211736055e-01 5.778000000000000913e-01 5.747387699048172038e-01 5.808612300951827567e-01 4.972100000000000408e-01 4.941110730843178422e-01 5.003089269156821839e-01 4.649800000000000599e-01 4.618886353522445032e-01 4.680713646477555057e-01
3.600000000000000000e+01 5.321000000000000174e-01 5.290074178627074408e-01 5.351925821372925940e-01 4.998800000000000465e-01 4.967810249277276879e-01 5.029789750722722941e-01 6.354899999999999993e-01 6.325069730627597142e-01 6.384730269372402844e-01 5.896400000000000530e-01 5.865912341555895582e-01 5.926887658444105478e-01 5.321000000000000174e-01 5.290074178627074408e-01 5.351925821372925940e-01 4.998800000000000465e-01 4.967810249277276879e-01 5.029789750722722941e-01
3.700000000000000000e+01 5.640600000000000058e-01 5.609865645059461947e-01 5.671334354940538169e-01 5.325700000000000989e-01 5.294776066439836892e-01 5.356623933560162865e-01 6.424700000000000966e-01 6.394994917555889558e-01 6.454405082444110153e-01 6.001700000000000923e-01 5.971338521176521308e-01 6.032061478823478318e-01 5.640600000000000058e-01 5.609865645059461947e-01 5.671334354940538169e-01 5.325700000000000989e-01 5.294776066439836892e-01 5.356623933560162865e-01
3.800000000000000000e+01 5.932700000000000751e-01 5.902254200129918305e-01 5.963145799870080976e-01 5.645200000000000218e-01 5.614469341633893107e-01 5.675930658366107329e-01 6.480700000000000349e-01 6.451100307817223545e-01 6.510299692182777154e-01 6.116400000000000725e-01 6.086192604827410646e-01 6.146607395172588584e-01 5.932700000000000751e-01 5.902254200129918305e-01 5.963145799870080976e-01 5.645200000000000218e-01 5.614469341633893107e-01 5.675930658366107329e-01
3.900000000000000000e+01 6.184800000000000297e-01 6.154692854884149522e-01 6.214907145115851073e-01 5.929300000000000681e-01 5.898850206489959502e-01 5.959749793510039639e-01 6.536700000000000843e-01 6.507210159455811826e-01 6.566189840544187639e-01 6.233400000000000052e-01 6.203367924963685276e-01 6.263432075036314828e-01 6.184800000000000297e-01 6.154692854884149522e-01 6.214907145115851073e-01 5.929300000000000681e-01 5.898850206489959502e-01 5.959749793510039639e-01
4.000000000000000000e+01 6.408600000000000962e-01 6.378865436814020740e-01 6.438334563185978965e-01 6.184900000000000952e-01 6.154793006063010719e-01 6.215006993936988966e-01 6.606500000000000705e-01 6.577153403725257697e-01 6.635846596274741493e-01 6.355900000000000993e-01 6.326071476124950355e-01 6.385728523875049412e-01 6.408600000000000962e-01 6.378865436814020740e-01 6.438334563185978965e-01 6.184900000000000952e-01 6.154793006063010719e-01 6.215006993936988966e-01
4.100000000000000000e+01 6.590000000000000302e-01 6.560618904296682263e-01 6.619381095703318341e-01 6.397600000000001064e-01 6.367845503918690975e-01 6.427354496081308932e-01 6.686000000000000831e-01 6.656825224072928648e-01 6.715174775927070794e-01 6.480400000000000604e-01 6.450799731383882740e-01 6.510000268616116248e-01 6.590000000000000302e-01 6.560618904296682263e-01 6.619381095703318341e-01 6.397600000000001064e-01 6.367845503918690975e-01 6.427354496081308932e-01
4.200000000000000000e+01 6.748100000000000209e-01 6.719065962266252967e-01 6.777134037733747451e-01 6.586300000000000487e-01 6.556911222467127764e-01 6.615688777532873210e-01 6.785200000000000120e-01 6.756252810942834364e-01 6.814147189057165876e-01 6.618400000000000949e-01 6.589078531708538744e-01 6.647721468291460933e-01 6.748100000000000209e-01 6.719065962266252967e-01 6.777134037733747451e-01 6.586300000000000487e-01 6.556911222467127764e-01 6.615688777532873210e-01
4.300000000000000000e+01 6.895900000000000363e-01 6.867224472188266926e-01 6.924575527811733799e-01 6.767300000000000537e-01 6.738310648017389326e-01 6.796289351982611748e-01 6.908900000000000041e-01 6.880257621998971951e-01 6.937542378001028132e-01 6.778600000000000181e-01 6.749637208233429941e-01 6.807562791766570420e-01 6.895900000000000363e-01 6.867224472188266926e-01 6.924575527811733799e-01 6.767300000000000537e-01 6.738310648017389326e-01 6.796289351982611748e-01
4.400000000000000000e+01 7.059100000000000374e-01 7.030860117407542464e-01 7.087339882592458284e-01 6.957700000000001106e-01 6.929184436427946459e-01 6.986215563572053533e-01 7.062100000000000044e-01 7.033868527735290810e-01 7.090331472264709278e-01 6.960000000000000631e-01 6.931490506438771071e-01 6.988509493561227970e-01 7.059100000000000374e-01 7.030860117407542464e-01 7.087339882592458284e-01 6.957700000000001106e-01 6.929184436427946459e-01 6.986215563572053533e-01
4.500000000000000000e+01 7.240600000000000369e-01 7.212895985938062582e-01 7.268304014061938156e-01 7.163000000000000478e-01 7.135060075096006926e-01 7.190939924903994029e-01 7.241100000000000314e-01 7.213397539571113626e-01 7.268802460428887002e-01 7.163500000000000423e-01 7.135561562261235613e-01 7.191438437738765233e-01 7.240600000000000369e-01 7.212895985938062582e-01 7.268304014061938156e-01 7.163000000000000478e-01 7.135060075096006926e-01 7.190939924903994029e-01
4.600000000000000000e+01 7.439500000000001112e-01 7.412449060370916998e-01 7.466550939629083006e-01 7.383700000000000818e-01 7.356458633879503495e-01 7.410941366120495921e-01 7.439500000000001112e-01 7.412449060370916998e-01 7.466550939629083006e-01 7.383700000000000818e-01 7.356458633879503495e-01 7.410941366120495921e-01 7.439500000000001112e-01 7.412449060370916998e-01 7.466550939629083006e-01 7.383700000000000818e-01 7.356458633879503495e-01 7.410941366120495921e-01
4.700000000000000000e+01 7.669800000000001061e-01 7.643597863206434972e-01 7.696002136793564929e-01 7.630200000000000315e-01 7.603844461183243419e-01 7.656555538816757212e-01 7.669800000000001061e-01 7.643597863206434972e-01 7.696002136793564929e-01 7.630200000000000315e-01 7.603844461183243419e-01 7.656555538816757212e-01 7.669800000000001061e-01 7.643597863206434972e-01 7.696002136793564929e-01 7.630200000000000315e-01 7.603844461183243419e-01 7.656555538816757212e-01
4.800000000000000000e+01 7.935500000000000886e-01 7.910413349313697440e-01 7.960586650686302113e-01 7.908300000000000329e-01 7.883091943873120622e-01 7.933508056126880037e-01 7.935500000000000886e-01 7.910413349313697440e-01 7.960586650686302113e-01 7.908300000000000329e-01 7.883091943873120622e-01 7.933508056126880037e-01 7.935500000000000886e-01 7.910413349313697440e-01 7.960586650686302113e-01 7.908300000000000329e-01 7.883091943873120622e-01 7.933508056126880037e-01
4.900000000000000000e+01 8.230700000000000793e-01 8.207048035635948757e-01 8.254351964364050609e-01 8.213300000000001155e-01 8.189557155245636988e-01 8.237042844754363102e-01 8.230700000000000793e-01 8.207048035635948757e-01 8.254351964364050609e-01 8.213300000000001155e-01 8.189557155245636988e-01 8.237042844754363102e-01 8.230700000000000793e-01 8.207048035635948757e-01 8.254351964364050609e-01 8.213300000000001155e-01 8.189557155245636988e-01 8.237042844754363102e-01
5.000000000000000000e+01 8.552800000000000402e-01 8.530994476064271970e-01 8.574605523935728835e-01 8.542300000000000448e-01 8.520428952808979384e-01 8.564171047191021513e-01 8.552800000000000402e-01 8.530994476064271970e-01 8.574605523935728835e-01 8.542300000000000448e-01 8.520428952808979384e-01 8.564171047191021513e-01 8.552800000000000402e-01 8.530994476064271970e-01 8.574605523935728835e-01 8.542300000000000448e-01 8.520428952808979384e-01 8.564171047191021513e-01
5.100000000000000000e+01 8.873200000000001086e-01 8.853602004868587061e-01 8.892797995131412891e-01 8.866900000000000892e-01 8.847254272486816395e-01 8.886545727513183168e-01 8.873200000000001086e-01 8.853602004868587061e-01 8.892797995131412891e-01 8.866900000000000892e-01 8.847254272486816395e-01 8.886545727513183168e-01 8.873200000000001086e-01 8.853602004868587061e-01 8.892797995131412891e-01 8.866900000000000892e-01 8.847254272486816395e-01 8.886545727513183168e-01
5.200000000000000000e+01 9.174900000000000277e-01 9.157846950436772104e-01 9.191953049563228451e-01 9.171800000000001063e-01 9.154717831869448874e-01 9.188882168130551031e-01 9.174900000000000277e-01 9.157846950436772104e-01 9.191953049563228451e-01 9.171800000000001063e-01 9.154717831869448874e-01 9.188882168130551031e-01 9.174900000000000277e-01 9.157846950436772104e-01 9.191953049563228451e-01 9.171800000000001063e-01 9.154717831869448874e-01 9.188882168130551031e-01
5.300000000000000000e+01 9.440400000000001013e-01 9.426154354197385787e-01 9.454645645802614018e-01 9.438500000000000778e-01 9.424231626757780811e-01 9.452768373242218525e-01 9.440400000000001013e-01 9.426154354197385787e-01 9.454645645802614018e-01 9.438500000000000778e-01 9.424231626757780811e-01 9.452768373242218525e-01 9.440400000000001013e-01 9.426154354197385787e-01 9.454645645802614018e-01 9.438500000000000778e-01 9.424231626757780811e-01 9.452768373242218525e-01
5.400000000000000000e+01 9.654700000000000504e-01 9.643383405042145196e-01 9.666016594957855812e-01 9.654300000000001214e-01 9.642977086858903757e-01 9.665622913141096451e-01 9.654700000000000504e-01 9.643383405042145196e-01 9.666016594957855812e-01 9.654300000000001214e-01 9.642977086858903757e-01 9.665622913141096451e-01 9.654700000000000504e-01 9.643383405042145196e-01 9.666016594957855812e-01 9.654300000000001214e-01 9.642977086858903757e-01 9.665622913141096451e-01
5.500000000000000000e+01 9.813500000000000556e-01 9.805115069398301353e-01 9.821884930601697539e-01 9.813400000000001011e-01 9.805012864461855049e-01 9.821787135538144753e-01 9.813500000000000556e-01 9.805115069398301353e-01 9.821884930601697539e-01 9.813400000000001011e-01 9.805012864461855049e-01 9.821787135538144753e-01 9.813500000000000556e-01 9.805115069398301353e-01 9.821884930601697539e-01 9.813400000000001011e-01 9.805012864461855049e-01 9.821787135538144753e-01
5.600000000000000000e+01 9.911800000000000610e-01 9.906004930501075556e-01 9.917595069498923444e-01 9.911800000000000610e-01 9.906004930501075556e-01 9.917595069498923444e-01 9.911800000000000610e-01 9.906004930501075556e-01 9.917595069498923444e-01 9.911800000000000610e-01 9.906004930501075556e-01 9.917595069498923444e-01 9.911800000000000610e-01 9.906004930501075556e-01 9.917595069498923444e-01 9.911800000000000610e-01 9.906004930501075556e-01 9.917595069498923444e-01
5.700000000000000000e+01 9.966500000000000359e-01 9.962918690703428393e-01 9.970081309296572325e-01 9.966500000000000359e-01 9.962918690703428393e-01 9.970081309296572325e-01 9.966500000000000359e-01 9.962918690703428393e-01 9.970081309296572325e-01 9.966500000000000359e-01 9.962918690703428393e-01 9.970081309296572325e-01 9.966500000000000359e-01 9.962918690703428393e-01 9.970081309296572325e-01 9.966500000000000359e-01 9.962918690703428393e-01 9.970081309296572325e-01
5.800000000000000000e+01 9.990100000000000646e-01 9.988150826016308770e-01 9.992049173983690302e-01 9.990100000000000646e-01 9.988150826016308770e-01 9.992049173983690302e-01 9.990100000000000646e-01 9.988150826016308770e-01 9.992049173983690302e-01 9.990100000000000646e-01 9.988150826016308770e-01 9.992049173983690302e-01 9.990100000000000646e-01 9.988150826016308770e-01 9.992049173983690302e-01 9.990100000000000646e-01 9.988150826016308770e-01 9.992049173983690302e-01
5.900000000000000000e+01 9.998100000000000875e-01 9.997245752670903540e-01 9.998954247329095990e-01 9.998100000000000875e-01 9.997245752670903540e-01 9.998954247329095990e-01 9.998100000000000875e-01 9.997245752670903540e-01 9.998954247329095990e-01 9.998100000000000875e-01 9.997245752670903540e-01 9.998954247329095990e-01 9.998100000000000875e-01 9.997245752670903540e-01 9.998954247329095990e-01 9.998100000000000875e-01 9.997245752670903540e-01 9.998954247329095990e-01
6.000000000000000000e+01 9.999900000000000455e-01 9.999704004581531080e-01 1.000000000000000000e+00 9.999900000000000455e-01 9.999704004581531080e-01 1.000000000000000000e+00 9.999900000000000455e-01 9.999704004581531080e-01 1.000000000000000000e+00 9.999900000000000455e-01 9.999704004581531080e-01 1.000000000000000000e+00 9.999900000000000455e-01 9.999704004581531080e-01 1.000000000000000000e+00 9.999900000000000455e-01 9.999704004581531080e-01 1.000000000000000000e+00
6.100000000000000000e+01 1.000000000000000000e+00 1.000000000000000000e+00 1.000000000000000000e+00 1.000000000000000000e+00 1.000000000000000000e+00 1.000000000000000000e+00 1.000000000000000000e+00 1.000000000000000000e+00 1.000000000000000000e+00 1.000000000000000000e+00 1.000000000000000000e+00 1.000000000000000000e+00 1.000000000000000000e+00 1.000000000000000000e+00 1.000000000000000000e+00 1.000000000000000000e+00 1.000000000000000000e+00 1.000000000000000000e+00
6.200000000000000000e+01 1.000000000000000000e+00 1.000000000000000000e+00 1.000000000000000000e+00 1.000000000000000000e+00 1.000000000000000000e+00 1.000000000000000000e+00 1.000000000000000000e+00 1.000000000000000000e+00 1.000000000000000000e+00 1.000000000000000000e+00 1.000000000000000000e+00 1.000000000000000000e+00 1.000000000000000000e+00 1.000000000000000000e+00 1.000000000000000000e+00 1.000000000000000000e+00 1.000000000000000000e+00 1.000000000000000000e+00
6.300000000000000000e+01 1.000000000000000000e+00 1.000000000000000000e+00 1.000000000000000000e+00 1.000000000000000000e+00 1.000000000000000000e+00 1.000000000000000000e+00 1.000000000000000000e+00 1.000000000000000000e+00 1.000000000000000000e+00 1.000000000000000000e+00 1.000000000000000000e+00 1.000000000000000000e+00 1.000000000000000000e+00 1.000000000000000000e+00 1.000000000000000000e+00 1.000000000000000000e+00 1.000000000000000000e+00 1.000000000000000000e+00
6.400000000000000000e+01 1.000000000000000000e+00 1.000000000000000000e+00 1.000000000000000000e+00 1.000000000000000000e+00 1.000000000000000000e+00 1.000000000000000000e+00 1.000000000000000000e+00 1.000000000000000000e+00 1.000000000000000000e+00 1.000000000000000000e+00 1.000000000000000000e+00 1.000000000000000000e+00 1.000000000000000000e+00 1.000000000000000000e+00 1.000000000000000000e+00 1.000000000000000000e+00 1.000000000000000000e+00 1.000000000000000000e+00
6.500000000000000000e+01 1.000000000000000000e+00 1.000000000000000000e+00 1.000000000000000000e+00 1.000000000000000000e+00 1.000000000000000000e+00 1.000000000000000000e+00 1.000000000000000000e+00 1.000000000000000000e+00 1.000000000000000000e+00 1.000000000000000000e+00 1.000000000000000000e+00 1.000000000000000000e+00 1.000000000000000000e+00 1.000000000000000000e+00 1.000000000000000000e+00 1.000000000000000000e+00 1.000000000000000000e+00 1.000000000000000000e+00
6.600000000000000000e+01 1.000000000000000000e+00 1.000000000000000000e+00 1.000000000000000000e+00 1.000000000000000000e+00 1.000000000000000000e+00 1.000000000000000000e+00 1.000000000000000000e+00 1.000000000000000000e+00 1.000000000000000000e+00 1.000000000000000000e+00 1.000000000000000000e+00 1.000000000000000000e+00 1.000000000000000000e+00 1.000000000000000000e+00 1.000000000000000000e+00 1.000000000000000000e+00 1.000000000000000000e+00 1.000000000000000000e+00
6.700000000000000000e+01 1.000000000000000000e+00 1.000000000000000000e+00 1.000000000000000000e+00 1.000000000000000000e+00 1.000000000000000000e+00 1.000000000000000000e+00 1.000000000000000000e+00 1.000000000000000000e+00 1.000000000000000000e+00 1.000000000000000000e+00 1.000000000000000000e+00 1.000000000000000000e+00 1.000000000000000000e+00 1.000000000000000000e+00 1.000000000000000000e+00 1.000000000000000000e+00 1.000000000000000000e+00 1.000000000000000000e+00
6.800000000000000000e+01 1.000000000000000000e+00 1.000000000000000000e+00 1.000000000000000000e+00 1.000000000000000000e+00 1.000000000000000000e+00 1.000000000000000000e+00 1.000000000000000000e+00 1.000000000000000000e+00 1.000000000000000000e+00 1.000000000000000000e+00 1.000000000000000000e+00 1.000000000000000000e+00 1.000000000000000000e+00 1.000000000000000000e+00 1.000000000000000000e+00 1.000000000000000000e+00 1.000000000000000000e+00 1.000000000000000000e+00
6.900000000000000000e+01 1.000000000000000000e+00 1.000000000000000000e+00 1.000000000000000000e+00 1.000000000000000000e+00 1.000000000000000000e+00 1.000000000000000000e+00 1.000000000000000000e+00 1.000000000000000000e+00 1.000000000000000000e+00 1.000000000000000000e+00 1.000000000000000000e+00 1.000000000000000000e+00 1.000000000000000000e+00 1.000000000000000000e+00 1.000000000000000000e+00 1.000000000000000000e+00 1.000000000000000000e+00 1.000000000000000000e+00
7.000000000000000000e+01 1.000000000000000000e+00 1.000000000000000000e+00 1.000000000000000000e+00 1.000000000000000000e+00 1.000000000000000000e+00 1.000000000000000000e+00 1.000000000000000000e+00 1.000000000000000000e+00 1.000000000000000000e+00 1.000000000000000000e+00 1.000000000000000000e+00 1.000000000000000000e+00 1.000000000000000000e+00 1.000000000000000000e+00 1.000000000000000000e+00 1.000000000000000000e+00 1.000000000000000000e+00 1.000000000000000000e+00
7.100000000000000000e+01 1.000000000000000000e+00 1.000000000000000000e+00 1.000000000000000000e+00 1.000000000000000000e+00 1.000000000000000000e+00 1.000000000000000000e+00 1.000000000000000000e+00 1.000000000000000000e+00 1.000000000000000000e+00 1.000000000000000000e+00 1.000000000000000000e+00 1.000000000000000000e+00 1.000000000000000000e+00 1.000000000000000000e+00 1.000000000000000000e+00 1.000000000000000000e+00 1.000000000000000000e+00 1.000000000000000000e+00
7.200000000000000000e+01 1.000000000000000000e+00 1.000000000000000000e+00 1.000000000000000000e+00 1.000000000000000000e+00 1.000000000000000000e+00 1.000000000000000000e+00 1.000000000000000000e+00 1.000000000000000000e+00 1.000000000000000000e+00 1.000000000000000000e+00 1.000000000000000000e+00 1.000000000000000000e+00 1.000000000000000000e+00 1.000000000000000000e+00 1.000000000000000000e+00 1.000000000000000000e+00 1.000000000000000000e+00 1.000000000000000000e+00
7.300000000000000000e+01 1.000000000000000000e+00 1.000000000000000000e+00 1.000000000000000000e+00 1.000000000000000000e+00 1.000000000000000000e+00 1.000000000000000000e+00 1.000000000000000000e+00 1.000000000000000000e+00 1.000000000000000000e+00 1.000000000000000000e+00 1.000000000000000000e+00 1.000000000000000000e+00 1.000000000000000000e+00 1.000000000000000000e+00 1.000000000000000000e+00 1.000000000000000000e+00 1.000000000000000000e+00 1.000000000000000000e+00
7.400000000000000000e+01 1.000000000000000000e+00 1.000000000000000000e+00 1.000000000000000000e+00 1.000000000000000000e+00 1.000000000000000000e+00 1.000000000000000000e+00 1.000000000000000000e+00 1.000000000000000000e+00 1.000000000000000000e+00 1.000000000000000000e+00 1.000000000000000000e+00 1.000000000000000000e+00 1.000000000000000000e+00 1.000000000000000000e+00 1.000000000000000000e+00 1.000000000000000000e+00 1.000000000000000000e+00 1.000000000000000000e+00
7.500000000000000000e+01 1.000000000000000000e+00 1.000000000000000000e+00 1.000000000000000000e+00 1.000000000000000000e+00 1.000000000000000000e+00 1.000000000000000000e+00 1.000000000000000000e+00 1.000000000000000000e+00 1.000000000000000000e+00 1.000000000000000000e+00 1.000000000000000000e+00 1.000000000000000000e+00 1.000000000000000000e+00 1.000000000000000000e+00 1.000000000000000000e+00 1.000000000000000000e+00 1.000000000000000000e+00 1.000000000000000000e+00
7.600000000000000000e+01 1.000000000000000000e+00 1.000000000000000000e+00 1.000000000000000000e+00 1.000000000000000000e+00 1.000000000000000000e+00 1.000000000000000000e+00 1.000000000000000000e+00 1.000000000000000000e+00 1.000000000000000000e+00 1.000000000000000000e+00 1.000000000000000000e+00 1.000000000000000000e+00 1.000000000000000000e+00 1.000000000000000000e+00 1.000000000000000000e+00 1.000000000000000000e+00 1.000000000000000000e+00 1.000000000000000000e+00
7.700000000000000000e+01 1.000000000000000000e+00 1.000000000000000000e+00 1.000000000000000000e+00 1.000000000000000000e+00 1.000000000000000000e+00 1.000000000000000000e+00 1.000000000000000000e+00 1.000000000000000000e+00 1.000000000000000000e+00 1.000000000000000000e+00 1.000000000000000000e+00 1.000000000000000000e+00 1.000000000000000000e+00 1.000000000000000000e+00 1.000000000000000000e+00 1.000000000000000000e+00 1.000000000000000000e+00 1.000000000000000000e+00
7.800000000000000000e+01 1.000000000000000000e+00 1.000000000000000000e+00 1.000000000000000000e+00 1.000000000000000000e+00 1.000000000000000000e+00 1.000000000000000000e+00 1.000000000000000000e+00 1.000000000000000000e+00 1.000000000000000000e+00 1.000000000000000000e+00 1.000000000000000000e+00 1.000000000000000000e+00 1.000000000000000000e+00 1.000000000000000000e+00 1.000000000000000000e+00 1.000000000000000000e+00 1.000000000000000000e+00 1.000000000000000000e+00
7.900000000000000000e+01 1.000000000000000000e+00 1.000000000000000000e+00 1.000000000000000000e+00 1.000000000000000000e+00 1.000000000000000000e+00 1.000000000000000000e+00 1.000000000000000000e+00 1.000000000000000000e+00 1.000000000000000000e+00 1.000000000000000000e+00 1.000000000000000000e+00 1.000000000000000000e+00 1.000000000000000000e+00 1.000000000000000000e+00 1.000000000000000000e+00 1.000000000000000000e+00 1.000000000000000000e+00 1.000000000000000000e+00
8.000000000000000000e+01 1.000000000000000000e+00 1.000000000000000000e+00 1.000000000000000000e+00 1.000000000000000000e+00 1.000000000000000000e+00 1.000000000000000000e+00 1.000000000000000000e+00 1.000000000000000000e+00 1.000000000000000000e+00 1.000000000000000000e+00 1.000000000000000000e+00 1.000000000000000000e+00 1.000000000000000000e+00 1.000000000000000000e+00 1.000000000000000000e+00 1.000000000000000000e+00 1.000000000000000000e+00 1.000000000000000000e+00
8.100000000000000000e+01 1.000000000000000000e+00 1.000000000000000000e+00 1.000000000000000000e+00 1.000000000000000000e+00 1.000000000000000000e+00 1.000000000000000000e+00 1.000000000000000000e+00 1.000000000000000000e+00 1.000000000000000000e+00 1.000000000000000000e+00 1.000000000000000000e+00 1.000000000000000000e+00 1.000000000000000000e+00 1.000000000000000000e+00 1.000000000000000000e+00 1.000000000000000000e+00 1.000000000000000000e+00 1.000000000000000000e+00
8.200000000000000000e+01 1.000000000000000000e+00 1.000000000000000000e+00 1.000000000000000000e+00 1.000000000000000000e+00 1.000000000000000000e+00 1.000000000000000000e+00 1.000000000000000000e+00 1.000000000000000000e+00 1.000000000000000000e+00 1.000000000000000000e+00 1.000000000000000000e+00 1.000000000000000000e+00 1.000000000000000000e+00 1.000000000000000000e+00 1.000000000000000000e+00 1.000000000000000000e+00 1.000000000000000000e+00 1.000000000000000000e+00
8.300000000000000000e+01 1.000000000000000000e+00 1.000000000000000000e+00 1.000000000000000000e+00 1.000000000000000000e+00 1.000000000000000000e+00 1.000000000000000000e+00 1.000000000000000000e+00 1.000000000000000000e+00 1.000000000000000000e+00 1.000000000000000000e+00 1.000000000000000000e+00 1.000000000000000000e+00 1.000000000000000000e+00 1.000000000000000000e+00 1.000000000000000000e+00 1.000000000000000000e+00 1.000000000000000000e+00 1.000000000000000000e+00
8.400000000000000000e+01 1.000000000000000000e+00 1.000000000000000000e+00 1.000000000000000000e+00 1.000000000000000000e+00 1.000000000000000000e+00 1.000000000000000000e+00 1.000000000000000000e+00 1.000000000000000000e+00 1.000000000000000000e+00 1.000000000000000000e+00 1.000000000000000000e+00 1.000000000000000000e+00 1.000000000000000000e+00 1.000000000000000000e+00 1.000000000000000000e+00 1.000000000000000000e+00 1.000000000000000000e+00 1.000000000000000000e+00
8.500000000000000000e+01 1.000000000000000000e+00 1.000000000000000000e+00 1.000000000000000000e+00 1.000000000000000000e+00 1.000000000000000000e+00 1.000000000000000000e+00 1.000000000000000000e+00 1.000000000000000000e+00 1.000000000000000000e+00 1.000000000000000000e+00 1.000000000000000000e+00 1.000000000000000000e+00 1.000000000000000000e+00 1.000000000000000000e+00 1.000000000000000000e+00 1.000000000000000000e+00 1.000000000000000000e+00 1.000000000000000000e+00
8.600000000000000000e+01 1.000000000000000000e+00 1.000000000000000000e+00 1.000000000000000000e+00 1.000000000000000000e+00 1.000000000000000000e+00 1.000000000000000000e+00 1.000000000000000000e+00 1.000000000000000000e+00 1.000000000000000000e+00 1.000000000000000000e+00 1.000000000000000000e+00 1.000000000000000000e+00 1.000000000000000000e+00 1.000000000000000000e+00 1.000000000000000000e+00 1.000000000000000000e+00 1.000000000000000000e+00 1.000000000000000000e+00
8.700000000000000000e+01 1.000000000000000000e+00 1.000000000000000000e+00 1.000000000000000000e+00 1.000000000000000000e+00 1.000000000000000000e+00 1.000000000000000000e+00 1.000000000000000000e+00 1.000000000000000000e+00 1.000000000000000000e+00 1.000000000000000000e+00 1.000000000000000000e+00 1.000000000000000000e+00 1.000000000000000000e+00 1.000000000000000000e+00 1.000000000000000000e+00 1.000000000000000000e+00 1.000000000000000000e+00 1.000000000000000000e+00
8.800000000000000000e+01 1.000000000000000000e+00 1.000000000000000000e+00 1.000000000000000000e+00 1.000000000000000000e+00 1.000000000000000000e+00 1.000000000000000000e+00 1.000000000000000000e+00 1.000000000000000000e+00 1.000000000000000000e+00 1.000000000000000000e+00 1.000000000000000000e+00 1.000000000000000000e+00 1.000000000000000000e+00 1.000000000000000000e+00 1.000000000000000000e+00 1.000000000000000000e+00 1.000000000000000000e+00 1.000000000000000000e+00
8.900000000000000000e+01 1.000000000000000000e+00 1.000000000000000000e+00 1.000000000000000000e+00 1.000000000000000000e+00 1.000000000000000000e+00 1.000000000000000000e+00 1.000000000000000000e+00 1.000000000000000000e+00 1.000000000000000000e+00 1.000000000000000000e+00 1.000000000000000000e+00 1.000000000000000000e+00 1.000000000000000000e+00 1.000000000000000000e+00 1.000000000000000000e+00 1.000000000000000000e+00 1.000000000000000000e+00 1.000000000000000000e+00
9.000000000000000000e+01 1.000000000000000000e+00 1.000000000000000000e+00 1.000000000000000000e+00 1.000000000000000000e+00 1.000000000000000000e+00 1.000000000000000000e+00 1.000000000000000000e+00 1.000000000000000000e+00 1.000000000000000000e+00 1.000000000000000000e+00 1.000000000000000000e+00 1.000000000000000000e+00 1.000000000000000000e+00 1.000000000000000000e+00 1.000000000000000000e+00 1.000000000000000000e+00 1.000000000000000000e+00 1.000000000000000000e+00
9.100000000000000000e+01 1.000000000000000000e+00 1.000000000000000000e+00 1.000000000000000000e+00 1.000000000000000000e+00 1.000000000000000000e+00 1.000000000000000000e+00 1.000000000000000000e+00 1.000000000000000000e+00 1.000000000000000000e+00 1.000000000000000000e+00 1.000000000000000000e+00 1.000000000000000000e+00 1.000000000000000000e+00 1.000000000000000000e+00 1.000000000000000000e+00 1.000000000000000000e+00 1.000000000000000000e+00 1.000000000000000000e+00
9.200000000000000000e+01 1.000000000000000000e+00 1.000000000000000000e+00 1.000000000000000000e+00 1.000000000000000000e+00 1.000000000000000000e+00 1.000000000000000000e+00 1.000000000000000000e+00 1.000000000000000000e+00 1.000000000000000000e+00 1.000000000000000000e+00 1.000000000000000000e+00 1.000000000000000000e+00 1.000000000000000000e+00 1.000000000000000000e+00 1.000000000000000000e+00 1.000000000000000000e+00 1.000000000000000000e+00 1.000000000000000000e+00
9.300000000000000000e+01 1.000000000000000000e+00 1.000000000000000000e+00 1.000000000000000000e+00 1.000000000000000000e+00 1.000000000000000000e+00 1.000000000000000000e+00 1.000000000000000000e+00 1.000000000000000000e+00 1.000000000000000000e+00 1.000000000000000000e+00 1.000000000000000000e+00 1.000000000000000000e+00 1.000000000000000000e+00 1.000000000000000000e+00 1.000000000000000000e+00 1.000000000000000000e+00 1.000000000000000000e+00 1.000000000000000000e+00
9.400000000000000000e+01 1.000000000000000000e+00 1.000000000000000000e+00 1.000000000000000000e+00 1.000000000000000000e+00 1.000000000000000000e+00 1.000000000000000000e+00 1.000000000000000000e+00 1.000000000000000000e+00 1.000000000000000000e+00 1.000000000000000000e+00 1.000000000000000000e+00 1.000000000000000000e+00 1.000000000000000000e+00 1.000000000000000000e+00 1.000000000000000000e+00 1.000000000000000000e+00 1.000000000000000000e+00 1.000000000000000000e+00
9.500000000000000000e+01 1.000000000000000000e+00 1.000000000000000000e+00 1.000000000000000000e+00 1.000000000000000000e+00 1.000000000000000000e+00 1.000000000000000000e+00 1.000000000000000000e+00 1.000000000000000000e+00 1.000000000000000000e+00 1.000000000000000000e+00 1.000000000000000000e+00 1.000000000000000000e+00 1.000000000000000000e+00 1.000000000000000000e+00 1.000000000000000000e+00 1.000000000000000000e+00 1.000000000000000000e+00 1.000000000000000000e+00
9.600000000000000000e+01 1.000000000000000000e+00 1.000000000000000000e+00 1.000000000000000000e+00 1.000000000000000000e+00 1.000000000000000000e+00 1.000000000000000000e+00 1.000000000000000000e+00 1.000000000000000000e+00 1.000000000000000000e+00 1.000000000000000000e+00 1.000000000000000000e+00 1.000000000000000000e+00 1.000000000000000000e+00 1.000000000000000000e+00 1.000000000000000000e+00 1.000000000000000000e+00 1.000000000000000000e+00 1.000000000000000000e+00
9.700000000000000000e+01 1.000000000000000000e+00 1.000000000000000000e+00 1.000000000000000000e+00 1.000000000000000000e+00 1.000000000000000000e+00 1.000000000000000000e+00 1.000000000000000000e+00 1.000000000000000000e+00 1.000000000000000000e+00 1.000000000000000000e+00 1.000000000000000000e+00 1.000000000000000000e+00 1.000000000000000000e+00 1.000000000000000000e+00 1.000000000000000000e+00 1.000000000000000000e+00 1.000000000000000000e+00 1.000000000000000000e+00
9.800000000000000000e+01 1.000000000000000000e+00 1.000000000000000000e+00 1.000000000000000000e+00 1.000000000000000000e+00 1.000000000000000000e+00 1.000000000000000000e+00 1.000000000000000000e+00 1.000000000000000000e+00 1.000000000000000000e+00 1.000000000000000000e+00 1.000000000000000000e+00 1.000000000000000000e+00 1.000000000000000000e+00 1.000000000000000000e+00 1.000000000000000000e+00 1.000000000000000000e+00 1.000000000000000000e+00 1.000000000000000000e+00
9.900000000000000000e+01 1.000000000000000000e+00 1.000000000000000000e+00 1.000000000000000000e+00 1.000000000000000000e+00 1.000000000000000000e+00 1.000000000000000000e+00 1.000000000000000000e+00 1.000000000000000000e+00 1.000000000000000000e+00 1.000000000000000000e+00 1.000000000000000000e+00 1.000000000000000000e+00 1.000000000000000000e+00 1.000000000000000000e+00 1.000000000000000000e+00 1.000000000000000000e+00 1.000000000000000000e+00 1.000000000000000000e+00
1.000000000000000000e+02 1.000000000000000000e+00 1.000000000000000000e+00 1.000000000000000000e+00 1.000000000000000000e+00 1.000000000000000000e+00 1.000000000000000000e+00 1.000000000000000000e+00 1.000000000000000000e+00 1.000000000000000000e+00 1.000000000000000000e+00 1.000000000000000000e+00 1.000000000000000000e+00 1.000000000000000000e+00 1.000000000000000000e+00 1.000000000000000000e+00 1.000000000000000000e+00 1.000000000000000000e+00 1.000000000000000000e+00
