x						y1						y2						y3						y4						y5						y6						y7						y8						y9						y10						y11						y12						y13						y14						y15						y16						y17						y18	
-1.000000000000000000e+02 5.500000000000000548e-03 5.041613488587505000e-03 5.958386511412494362e-03 7.670000000000000602e-03 7.129278256790914231e-03 8.210721743209085238e-03 8.238000000000000878e-02 8.067591827039288788e-02 8.408408172960710192e-02 1.365400000000000225e-01 1.344118651090942529e-01 1.386681348909057365e-01 2.110000000000000330e-03 1.825599304627274159e-03 2.394400695372725634e-03 3.030000000000000141e-03 2.689348386508792679e-03 3.370651613491207604e-03
-9.900000000000000000e+01 6.230000000000000294e-03 5.742319876395780669e-03 6.717680123604219920e-03 7.930000000000001284e-03 7.380261892404110617e-03 8.479738107595889349e-03 8.319000000000000006e-02 8.147831705275213054e-02 8.490168294724786957e-02 1.395900000000000196e-01 1.374420311975764752e-01 1.417379688024235085e-01 2.360000000000000119e-03 2.059260121902824463e-03 2.660739878097175774e-03 3.160000000000000048e-03 2.812140105758172918e-03 3.507859894241827179e-03
-9.800000000000000000e+01 6.920000000000000803e-03 6.406200998390109216e-03 7.433799001609890655e-03 8.340000000000000191e-03 7.776346102724017613e-03 8.903653897275981902e-03 8.431000000000000993e-02 8.258788610308628875e-02 8.603211389691370337e-02 1.425800000000000123e-01 1.404129237077795522e-01 1.447470762922204723e-01 2.600000000000000314e-03 2.284376416087504150e-03 2.915623583912495612e-03 3.270000000000000337e-03 2.916156899054877898e-03 3.623843100945121909e-03
-9.700000000000000000e+01 7.780000000000000457e-03 7.235444839626710770e-03 8.324555160373288409e-03 8.620000000000000925e-03 8.047043302320436298e-03 9.192956697679562084e-03 8.563000000000001166e-02 8.389570869251494756e-02 8.736429130748504801e-02 1.456100000000000172e-01 1.434238912110693820e-01 1.477961087889305969e-01 2.960000000000000391e-03 2.623294479052522450e-03 3.296705520947477465e-03 3.340000000000000087e-03 2.982402199627874444e-03 3.697597800372125730e-03
-9.600000000000000000e+01 8.690000000000001543e-03 8.114741926059420088e-03 9.265258073940579528e-03 9.040000000000001160e-03 8.453375268353663027e-03 9.626624731646335822e-03 8.729000000000000647e-02 8.554056930527163816e-02 8.903943069472837479e-02 1.486400000000000221e-01 1.464351829425574458e-01 1.508448170574425429e-01 3.300000000000000416e-03 2.944542820838666215e-03 3.655457179161333749e-03 3.530000000000000152e-03 3.162406724723758420e-03 3.897593275276241883e-03
-9.500000000000000000e+01 9.510000000000001091e-03 8.908461543499404667e-03 1.011153845650059405e-02 9.490000000000000172e-03 8.889088342242808596e-03 1.009091165775719175e-02 8.937000000000000499e-02 8.760186693059297813e-02 9.113813306940703185e-02 1.516699999999999993e-01 1.494467907171042331e-01 1.538932092828957654e-01 3.660000000000000493e-03 3.285723623000836192e-03 4.034276376999163492e-03 3.780000000000000374e-03 3.399660335463020738e-03 4.160339664536979142e-03
-9.400000000000000000e+01 1.030000000000000013e-02 9.674224597104822548e-03 1.092577540289517771e-02 9.820000000000000603e-03 9.208831573740630314e-03 1.043116842625937089e-02 9.201000000000000845e-02 9.021854402798913652e-02 9.380145597201085261e-02 1.544800000000000062e-01 1.522400095650090768e-01 1.567199904349909356e-01 3.990000000000000491e-03 3.599279328855021273e-03 4.380720671144977540e-03 3.930000000000000333e-03 3.542216526680311284e-03 4.317783473319689383e-03
-9.300000000000000000e+01 1.109000000000000090e-02 1.044092893609472467e-02 1.173907106390527366e-02 1.014000000000000144e-02 9.519053825340084013e-03 1.076094617465991540e-02 9.524000000000000521e-02 9.342061554245428834e-02 9.705938445754572208e-02 1.572000000000000064e-01 1.549440128305561437e-01 1.594559871694438691e-01 4.240000000000000713e-03 3.837275215691308798e-03 4.642724784308690893e-03 4.140000000000000450e-03 3.742032684130083917e-03 4.537967315869914815e-03
-9.200000000000000000e+01 1.163000000000000145e-02 1.096549580683709758e-02 1.229450419316290184e-02 1.045000000000000095e-02 9.819732217471122127e-03 1.108026778252887631e-02 9.931000000000000938e-02 9.745633072077324044e-02 1.011636692792267506e-01 1.600000000000000033e-01 1.577277938792853995e-01 1.622722061207146071e-01 4.490000000000000067e-03 4.075624495041688979e-03 4.904375504958311156e-03 4.390000000000000673e-03 3.980244325917151743e-03 4.799755674082847867e-03
-9.100000000000000000e+01 1.222000000000000169e-02 1.153905222014076429e-02 1.290094777985923563e-02 1.076000000000000047e-02 1.012055225367579879e-02 1.139944774632420214e-02 1.043700000000000044e-01 1.024750391192832955e-01 1.062649608807167134e-01 1.626900000000000013e-01 1.604024443945645251e-01 1.649775556054354775e-01 4.750000000000000749e-03 4.323851475613781081e-03 5.176148524386218683e-03 4.570000000000000277e-03 4.151966050095834589e-03 4.988033949904165966e-03
-9.000000000000000000e+01 1.281000000000000021e-02 1.211301564520926924e-02 1.350698435479073117e-02 1.110000000000000049e-02 1.045063964728044047e-02 1.174936035271956052e-02 1.101600000000000079e-01 1.082194894118675005e-01 1.121005105881324876e-01 1.655300000000000105e-01 1.632264809269672323e-01 1.678335190730327886e-01 4.970000000000000459e-03 4.534142651218707118e-03 5.405857348781292065e-03 4.770000000000000802e-03 4.342959554066484068e-03 5.197040445933515801e-03
-8.900000000000000000e+01 1.367000000000000159e-02 1.295031331195672236e-02 1.438968668804327736e-02 1.158000000000000175e-02 1.091690900062635035e-02 1.224309099937364968e-02 1.175400000000000056e-01 1.155438717148391248e-01 1.195361282851608864e-01 1.685500000000000054e-01 1.662297726688072852e-01 1.708702273311927256e-01 5.310000000000000484e-03 4.859557637640156413e-03 5.760442362359842819e-03 5.100000000000000366e-03 4.658507942975032359e-03 5.541492057024968373e-03
-8.800000000000000000e+01 1.456000000000000176e-02 1.381758989941774332e-02 1.530241010058225673e-02 1.194000000000000096e-02 1.126680340077836073e-02 1.261319659922163772e-02 1.270700000000000163e-01 1.250057641533350583e-01 1.291342358466649187e-01 1.714400000000000091e-01 1.691040359668562754e-01 1.737759640331437427e-01 5.680000000000000153e-03 5.214215163187057960e-03 6.145784836812942346e-03 5.270000000000000379e-03 4.821248403530675221e-03 5.718751596469325536e-03
-8.700000000000000000e+01 1.536000000000000212e-02 1.459777632126206537e-02 1.612222367873793541e-02 1.240000000000000130e-02 1.171411789155615661e-02 1.308588210844384252e-02 1.372000000000000164e-01 1.350675433322294505e-01 1.393324566677705267e-01 1.739200000000000190e-01 1.715707247235200017e-01 1.762692752764799808e-01 6.070000000000000742e-03 5.588584203878697518e-03 6.551415796121302232e-03 5.600000000000000810e-03 5.137488365040725029e-03 6.062511634959274857e-03
-8.600000000000000000e+01 1.671000000000000263e-02 1.591553068648371427e-02 1.750446931351628405e-02 1.281000000000000021e-02 1.211301564520926924e-02 1.350698435479073117e-02 1.488500000000000101e-01 1.466438981325456636e-01 1.510561018674543565e-01 1.767600000000000282e-01 1.743956959864988998e-01 1.791243040135011011e-01 6.680000000000000174e-03 6.175128434053211990e-03 7.184871565946788358e-03 5.800000000000000468e-03 5.329349020129588686e-03 6.270650979870410514e-03
-8.500000000000000000e+01 1.795000000000000068e-02 1.712709989551717410e-02 1.877290010448282725e-02 1.314000000000000064e-02 1.243421317552306782e-02 1.384578682447693346e-02 1.622200000000000031e-01 1.599351100694095529e-01 1.645048899305904533e-01 1.793800000000000117e-01 1.770020312146337593e-01 1.817579687853662640e-01 7.240000000000000775e-03 6.714540184124933794e-03 7.765459815875066021e-03 6.110000000000000847e-03 5.627010314089409861e-03 6.592989685910590099e-03
-8.400000000000000000e+01 1.915000000000000036e-02 1.830055790642374711e-02 1.999944209357625360e-02 1.347000000000000107e-02 1.275552499995443942e-02 1.418447500004555925e-02 1.762300000000000255e-01 1.738684834283414082e-01 1.785915165716585873e-01 1.818600000000000216e-01 1.794692701854795902e-01 1.842507298145203976e-01 7.710000000000000707e-03 7.167881051380156285e-03 8.252118948619843394e-03 6.330000000000000557e-03 5.838446225671561907e-03 6.821553774328437472e-03
-8.300000000000000000e+01 2.041000000000000106e-02 1.953362139843443229e-02 2.128637860156556982e-02 1.389000000000000130e-02 1.316462614947806753e-02 1.461537385052193161e-02 1.914900000000000213e-01 1.890512693388964327e-01 1.939287306611035544e-01 1.843400000000000039e-01 1.819366752159288780e-01 1.867433247840711297e-01 8.170000000000000179e-03 7.612072536843772670e-03 8.727927463156228555e-03 6.710000000000000686e-03 6.204003651586607188e-03 7.215996348413392450e-03
-8.200000000000000000e+01 2.186000000000000096e-02 2.095369645347212526e-02 2.276630354652787666e-02 1.432000000000000113e-02 1.358364443678975776e-02 1.505635556321024103e-02 2.066200000000000259e-01 2.041105711085609287e-01 2.091294288914390676e-01 1.869000000000000106e-01 1.844838453852615801e-01 1.893161546147384411e-01 8.890000000000000333e-03 8.308218508731089399e-03 9.471781491268911266e-03 7.060000000000000303e-03 6.541066216774958988e-03 7.578933783225041618e-03
-8.100000000000000000e+01 2.326000000000000290e-02 2.232579447163332217e-02 2.419420552836667668e-02 1.470000000000000126e-02 1.395408215045060123e-02 1.544591784954939782e-02 2.219900000000000206e-01 2.194142281879409018e-01 2.245657718120590840e-01 1.891300000000000203e-01 1.867028091916440313e-01 1.915571908083559538e-01 9.600000000000000894e-03 8.995649308482660950e-03 1.020435069151733737e-02 7.400000000000000328e-03 6.868808537454570116e-03 7.931191462545429671e-03
-8.000000000000000000e+01 2.446000000000000257e-02 2.350258801861470834e-02 2.541741198138528987e-02 1.517000000000000119e-02 1.441243218378069658e-02 1.592756781621930059e-02 2.338400000000000201e-01 2.312165835985487694e-01 2.364634164014512152e-01 1.913900000000000046e-01 1.889517554272922006e-01 1.938282445727078085e-01 1.019000000000000114e-02 9.567540497055255708e-03 1.081245950294474310e-02 7.770000000000000864e-03 7.225792180986367365e-03 8.314207819013631762e-03
-7.900000000000000000e+01 2.532000000000000223e-02 2.434633183850693980e-02 2.629366816149305772e-02 1.555000000000000132e-02 1.478315053422915581e-02 1.631684946577084336e-02 2.435900000000000287e-01 2.409295417403844730e-01 2.462504582596155289e-01 1.939800000000000135e-01 1.915292473685692720e-01 1.964307526314307550e-01 1.071000000000000077e-02 1.007202356710518512e-02 1.134797643289481642e-02 8.010000000000001494e-03 7.457518174310879752e-03 8.562481825689119766e-03
-7.800000000000000000e+01 2.603000000000000105e-02 2.504313450355782900e-02 2.701686549644217311e-02 1.606000000000000136e-02 1.528087853468113044e-02 1.683912146531887227e-02 2.511200000000000099e-01 2.484322129416678404e-01 2.538077870583321793e-01 1.961300000000000265e-01 1.936689920544931165e-01 1.985910079455068811e-01 1.108000000000000131e-02 1.043121835982261172e-02 1.172878164017738742e-02 8.470000000000000098e-03 7.902007337211388108e-03 9.037992662788612089e-03
-7.700000000000000000e+01 2.651000000000000231e-02 2.551432247930141353e-02 2.750567752069858415e-02 1.641000000000000097e-02 1.562257457432124005e-02 1.719742542567876190e-02 2.559100000000000263e-01 2.532053912208279689e-01 2.586146087791720838e-01 1.982600000000000195e-01 1.957889449664130532e-01 2.007310550335869304e-01 1.149000000000000021e-02 1.082946073491334628e-02 1.215053926508665415e-02 8.790000000000000938e-03 8.211470690669579048e-03 9.368529309330419358e-03
-7.600000000000000000e+01 2.673000000000000376e-02 2.573031255272397594e-02 2.772968744727602464e-02 1.692000000000000101e-02 1.612063946914036455e-02 1.771936053085963747e-02 2.581500000000000461e-01 2.554376720067883522e-01 2.608623279932116290e-01 2.003700000000000203e-01 1.978891015956441291e-01 2.028508984043558561e-01 1.178000000000000054e-02 1.111127500559973801e-02 1.244872499440026307e-02 9.250000000000001277e-03 8.656663592292912837e-03 9.843336407707086247e-03
-7.500000000000000000e+01 2.684000000000000274e-02 2.583831430513354455e-02 2.784168569486645400e-02 1.734000000000000125e-02 1.653095202234324684e-02 1.814904797765675565e-02 2.592300000000000160e-01 2.565139834383411976e-01 2.619460165616588343e-01 2.025300000000000156e-01 2.000391363806761358e-01 2.050208636193238398e-01 1.212000000000000056e-02 1.144180981931155854e-02 1.279819018068844259e-02 9.630000000000001406e-03 9.024714914599940574e-03 1.023528508540005877e-02
-7.400000000000000000e+01 2.688000000000000111e-02 2.587758877222906539e-02 2.788241122777093683e-02 1.767000000000000168e-02 1.685342689917139480e-02 1.848657310082860855e-02 2.596200000000000174e-01 2.569026567380877646e-01 2.623373432619122703e-01 2.045500000000000096e-01 2.020499178691684550e-01 2.070500821308315642e-01 1.244000000000000140e-02 1.175302643320371571e-02 1.312697356679628363e-02 1.005000000000000164e-02 9.431787542964080451e-03 1.066821245703591936e-02
-7.300000000000000000e+01 2.688000000000000111e-02 2.587758877222906539e-02 2.788241122777093683e-02 1.807000000000000273e-02 1.724440428215341659e-02 1.889559571784658193e-02 2.596600000000000019e-01 2.569425208244599523e-01 2.623774791755400515e-01 2.065800000000000136e-01 2.040707507708530155e-01 2.090892492291470117e-01 1.281000000000000021e-02 1.211301564520926924e-02 1.350698435479073117e-02 1.044000000000000136e-02 9.810030670096333422e-03 1.106996932990366583e-02
-7.200000000000000000e+01 2.690000000000000377e-02 2.589722622561502208e-02 2.790277377438497852e-02 1.851000000000000215e-02 1.767460044430370705e-02 1.934539955569629030e-02 2.596700000000000119e-01 2.569524868506491422e-01 2.623875131493508817e-01 2.084000000000000297e-01 2.058826138348815726e-01 2.109173861651184312e-01 1.316000000000000156e-02 1.245368340859358616e-02 1.386631659140641348e-02 1.079000000000000098e-02 1.014967116034490996e-02 1.143032883965508853e-02
-7.100000000000000000e+01 2.691000000000000336e-02 2.590704500719800268e-02 2.791295499280199710e-02 1.887000000000000136e-02 1.802667044876781616e-02 1.971332955123218655e-02 2.596700000000000119e-01 2.569524868506491422e-01 2.623875131493508817e-01 2.100600000000000245e-01 2.075352590483559301e-01 2.125847409516440634e-01 1.360000000000000098e-02 1.288213285534184870e-02 1.431786714465814979e-02 1.108000000000000131e-02 1.043121835982261172e-02 1.172878164017738742e-02
-7.000000000000000000e+01 2.692000000000000295e-02 2.591686382534787864e-02 2.792313617465212033e-02 1.940000000000000058e-02 1.854514018880456389e-02 2.025485981119543727e-02 2.596700000000000119e-01 2.569524868506491422e-01 2.623875131493508817e-01 2.120700000000000085e-01 2.095364380537544091e-01 2.146035619462456079e-01 1.401000000000000162e-02 1.328154385062343609e-02 1.473845614937656368e-02 1.152000000000000073e-02 1.085860901066223842e-02 1.218139098933776303e-02
-6.900000000000000000e+01 2.696000000000000132e-02 2.595613946322038179e-02 2.796386053677962086e-02 1.975000000000000019e-02 1.888761723882337665e-02 2.061238276117662374e-02 2.596700000000000119e-01 2.569524868506491422e-01 2.623875131493508817e-01 2.141800000000000093e-01 2.116372767912866604e-01 2.167227232087133582e-01 1.460000000000000187e-02 1.385658589319333465e-02 1.534341410680666561e-02 1.188000000000000167e-02 1.120847659159145485e-02 1.255152340840854502e-02
-6.800000000000000000e+01 2.697000000000000092e-02 2.596595846390793716e-02 2.797404153609206467e-02 2.021000000000000227e-02 1.933783681816117136e-02 2.108216318183882623e-02 2.596700000000000119e-01 2.569524868506491422e-01 2.623875131493508817e-01 2.160300000000000276e-01 2.134793266427615355e-01 2.185806733572384641e-01 1.516000000000000160e-02 1.440267807278950568e-02 1.591732192721049405e-02 1.218000000000000159e-02 1.150015384975346631e-02 1.285984615024653339e-02
-6.700000000000000000e+01 2.701000000000000276e-02 2.600523483094429808e-02 2.801476516905570049e-02 2.079000000000000292e-02 1.990567224514454281e-02 2.167432775485545610e-02 2.596700000000000119e-01 2.569524868506491422e-01 2.623875131493508817e-01 2.177900000000000114e-01 2.152318338949051890e-01 2.203481661050948337e-01 1.574000000000000052e-02 1.496855428166072796e-02 1.651144571833927308e-02 1.271000000000000081e-02 1.201570628259254585e-02 1.340429371740745577e-02
-6.600000000000000000e+01 2.707000000000000378e-02 2.606415047219570041e-02 2.807584952780430021e-02 2.127000000000000071e-02 2.037574106886839986e-02 2.216425893113160156e-02 2.596700000000000119e-01 2.569524868506491422e-01 2.623875131493508817e-01 2.197000000000000064e-01 2.171337797779264167e-01 2.222662202220735961e-01 1.634999999999999995e-02 1.556399145460908573e-02 1.713600854539091417e-02 1.308000000000000135e-02 1.237580499849616662e-02 1.378419500150383260e-02
-6.500000000000000000e+01 2.712000000000000174e-02 2.611324783701859248e-02 2.812675216298140407e-02 2.201000000000000179e-02 2.110066204330713832e-02 2.291933795669285831e-02 2.596700000000000119e-01 2.569524868506491422e-01 2.623875131493508817e-01 2.214300000000000157e-01 2.188565534424519454e-01 2.240034465575480305e-01 1.685999999999999999e-02 1.606203368386180733e-02 1.765796631613819265e-02 1.362000000000000190e-02 1.290161248880429198e-02 1.433838751119570834e-02
-6.400000000000000000e+01 2.715000000000000052e-02 2.614270668992448726e-02 2.815729331007551378e-02 2.283000000000000307e-02 2.190426622428412115e-02 2.375573377571587805e-02 2.596800000000000219e-01 2.569624528786766393e-01 2.623975471213234045e-01 2.231300000000000228e-01 2.205495155333462853e-01 2.257104844666537047e-01 1.741000000000000186e-02 1.659934951561159097e-02 1.822065048438840582e-02 1.428000000000000103e-02 1.354465866549519823e-02 1.501534133450480035e-02
-6.300000000000000000e+01 2.722000000000000114e-02 2.621144527584463174e-02 2.822855472415537054e-02 2.359000000000000333e-02 2.264934975968844674e-02 2.453065024031155297e-02 2.596800000000000219e-01 2.569624528786766393e-01 2.623975471213234045e-01 2.248600000000000321e-01 2.222724171235750668e-01 2.274475828764249419e-01 1.796000000000000027e-02 1.713687489823156884e-02 1.878312510176843170e-02 1.498000000000000199e-02 1.422711867975058261e-02 1.573288132024941791e-02
-6.200000000000000000e+01 2.728000000000000216e-02 2.627036546651518797e-02 2.828963453348480941e-02 2.445000000000000298e-02 2.349277884227669866e-02 2.540722115772330036e-02 2.596800000000000219e-01 2.569624528786766393e-01 2.623975471213234045e-01 2.262600000000000167e-01 2.236667194248958268e-01 2.288532805751041510e-01 1.859000000000000236e-02 1.775283121760524302e-02 1.942716878239475475e-02 1.561000000000000061e-02 1.484169592052929192e-02 1.637830407947070757e-02
-6.100000000000000000e+01 2.735000000000000278e-02 2.633910731966601984e-02 2.836089268033397878e-02 2.541000000000000203e-02 2.443464795475760662e-02 2.638535204524239050e-02 2.597000000000000419e-01 2.569823849402461668e-01 2.624176150597538060e-01 2.279100000000000292e-01 2.253100574874747353e-01 2.305099425125252677e-01 1.898999999999999994e-02 1.814404494362338235e-02 1.983595505637661752e-02 1.628000000000000280e-02 1.549564793937035015e-02 1.706435206062964852e-02
-6.000000000000000000e+01 2.750000000000000361e-02 2.648641717488930264e-02 2.851358282511069764e-02 2.652000000000000191e-02 2.552413981912598356e-02 2.751586018087401331e-02 2.597300000000000164e-01 2.570122830463861252e-01 2.624477169536139076e-01 2.294600000000000251e-01 2.268538513711159388e-01 2.320661486288840558e-01 1.945000000000000201e-02 1.859406109688258035e-02 2.030593890311741673e-02 1.702000000000000041e-02 1.621832154949473873e-02 1.782167845050526209e-02
-5.900000000000000000e+01 2.763000000000000178e-02 2.661409216642745060e-02 2.864590783357254603e-02 2.786000000000000282e-02 2.683999323152404595e-02 2.888000676847595274e-02 2.597300000000000164e-01 2.570122830463861252e-01 2.624477169536139076e-01 2.311400000000000121e-01 2.285271812790875545e-01 2.337528187209124697e-01 1.974000000000000060e-02 1.887783119355115197e-02 2.060216880644884924e-02 1.804000000000000048e-02 1.721507729683090238e-02 1.886492270316909858e-02
-5.800000000000000000e+01 2.782000000000000098e-02 2.680070476250532435e-02 2.883929523749467760e-02 2.963000000000000356e-02 2.857904868614835961e-02 3.068095131385164057e-02 2.597700000000000009e-01 2.570521472136361729e-01 2.624878527863638289e-01 2.329800000000000204e-01 2.303599429033162671e-01 2.356000570966837182e-01 1.992000000000000021e-02 1.905398877453673076e-02 2.078601122546326965e-02 1.936000000000000221e-02 1.850600452504338328e-02 2.021399547495661420e-02
-5.700000000000000000e+01 2.808000000000000079e-02 2.705608972244237520e-02 2.910391027755762638e-02 3.145000000000000573e-02 3.036826859439306636e-02 3.253173140560693122e-02 2.598199999999999954e-01 2.571019774640445066e-01 2.625380225359554842e-01 2.347200000000000120e-01 2.320931618134515484e-01 2.373468381865484755e-01 2.024000000000000105e-02 1.936720309504521773e-02 2.111279690495478437e-02 2.055000000000000229e-02 1.967068366840119334e-02 2.142931633159880431e-02
-5.600000000000000000e+01 2.839000000000000204e-02 2.736061751298386746e-02 2.941938248701612968e-02 3.318000000000000116e-02 3.206990768842929440e-02 3.429009231157070792e-02 2.598199999999999954e-01 2.571019774640445066e-01 2.625380225359554842e-01 2.363700000000000245e-01 2.337367884006295027e-01 2.390032115993704909e-01 2.050000000000000086e-02 1.962173163124912231e-02 2.137826836875087941e-02 2.186000000000000096e-02 2.095369645347212526e-02 2.276630354652787666e-02
-5.500000000000000000e+01 2.882000000000000187e-02 2.778308073259764394e-02 2.985691926740235286e-02 3.538000000000000173e-02 3.423500092353957275e-02 3.652499907646043070e-02 2.598500000000000254e-01 2.571318756363373814e-01 2.625681243636626694e-01 2.379100000000000104e-01 2.352708895218805218e-01 2.405491104781194989e-01 2.078000000000000333e-02 1.989588043734462006e-02 2.166411956265537966e-02 2.339000000000000107e-02 2.245324981962767627e-02 2.432675018037232587e-02
-5.400000000000000000e+01 2.936000000000000068e-02 2.831370244865938704e-02 3.040629755134061432e-02 3.786000000000000476e-02 3.667707412639820141e-02 3.904292587360179423e-02 2.599200000000000399e-01 2.572016381026480114e-01 2.626383618973519574e-01 2.397500000000000187e-01 2.371039038960068845e-01 2.423960961039930972e-01 2.116000000000000172e-02 2.026800632086690063e-02 2.205199367913310282e-02 2.513000000000000303e-02 2.415989735595597265e-02 2.610010264404402647e-02
-5.300000000000000000e+01 3.005000000000000379e-02 2.899185544161903688e-02 3.110814455838096376e-02 4.041000000000000147e-02 3.918950677497745616e-02 4.163049322502254679e-02 2.599899999999999989e-01 2.572714006589512659e-01 2.627085993410487319e-01 2.416500000000000314e-01 2.389967612203363068e-01 2.443032387796637006e-01 2.165000000000000258e-02 2.074796338607601265e-02 2.255203661392398556e-02 2.694000000000000214e-02 2.593650157126908481e-02 2.794349842873091253e-02
-5.200000000000000000e+01 3.092000000000000304e-02 2.984712864769540133e-02 3.199287135230459433e-02 4.331000000000000127e-02 4.204838222226996852e-02 4.457161777773003403e-02 2.600300000000000389e-01 2.573112650172345583e-01 2.627487349827654084e-01 2.438400000000000289e-01 2.411786167708265261e-01 2.465013832291734763e-01 2.226000000000000201e-02 2.134562917091635884e-02 2.317437082908363824e-02 2.894000000000000392e-02 2.790098842234492796e-02 2.997901157765507293e-02
-5.100000000000000000e+01 3.205000000000000210e-02 3.095833705247919010e-02 3.314166294752081410e-02 4.673000000000000070e-02 4.542186084708604160e-02 4.803813915291395981e-02 2.601900000000000324e-01 2.574707227440561352e-01 2.629092772559438185e-01 2.462100000000000122e-01 2.435399086432927518e-01 2.488800913567072726e-01 2.307000000000000023e-02 2.213952735152120016e-02 2.400047264847880030e-02 3.131000000000000449e-02 3.023060094614401366e-02 3.238939905385598145e-02
-5.000000000000000000e+01 3.312999999999999973e-02 3.202071573779970842e-02 3.423928426220029103e-02 5.003000000000000502e-02 4.867880419659541269e-02 5.138119580340458348e-02 2.602700000000000014e-01 2.575504517836185170e-01 2.629895482163814857e-01 2.485600000000000309e-01 2.458813814887516325e-01 2.512386185112483461e-01 2.388000000000000192e-02 2.293372610813117912e-02 2.482627389186881778e-02 3.350000000000000200e-02 3.238475207540328360e-02 3.461524792459672040e-02
-4.900000000000000000e+01 3.456000000000000044e-02 3.342786660232511392e-02 3.569213339767488696e-02 5.363000000000000406e-02 5.223368799535545864e-02 5.502631200464453559e-02 2.604700000000000348e-01 2.577497748960182467e-01 2.631902251039817120e-01 2.514900000000000468e-01 2.488008981289678845e-01 2.541791018710320982e-01 2.487000000000000322e-02 2.390480015712076814e-02 2.583519984287923135e-02 3.584999999999999992e-02 3.469770156030347469e-02 3.700229843969652516e-02
-4.800000000000000000e+01 3.627000000000000363e-02 3.511122382319476626e-02 3.742877617680522712e-02 5.732000000000000289e-02 5.587926758171203601e-02 5.876073241828796978e-02 2.605999999999999983e-01 2.578793353122504350e-01 2.633206646877495616e-01 2.546500000000000430e-01 2.519497743451797889e-01 2.573502256548201861e-01 2.604000000000000065e-02 2.505295002584770683e-02 2.702704997415229446e-02 3.843000000000000582e-02 3.723855572189801316e-02 3.962144427810198460e-02
-4.700000000000000000e+01 3.820000000000000479e-02 3.701198435792702607e-02 3.938801564207296962e-02 6.075000000000000538e-02 5.926948833341907918e-02 6.223051166658091771e-02 2.607600000000000473e-01 2.580387947110651115e-01 2.634812052889348721e-01 2.585200000000000276e-01 2.558064059065071616e-01 2.612335940934928935e-01 2.744000000000000258e-02 2.642749227266379120e-02 2.845250772733620703e-02 4.080000000000000293e-02 3.957388061807571439e-02 4.202611938192429147e-02
-4.600000000000000000e+01 4.090000000000000580e-02 3.967244293396785665e-02 4.212755706603214106e-02 6.414000000000000257e-02 6.262148875804260384e-02 6.565851124195740129e-02 2.610300000000000398e-01 2.583078835092177949e-01 2.637521164907821736e-01 2.627600000000000491e-01 2.600320766523773197e-01 2.654879233476226674e-01 2.939000000000000293e-02 2.834318421015163264e-02 3.043681578984836628e-02 4.314000000000000473e-02 4.188074883478914989e-02 4.439925116521084569e-02
-4.500000000000000000e+01 4.369000000000000661e-02 4.242311130152764259e-02 4.495688869847235675e-02 6.782000000000000528e-02 6.626160741120458442e-02 6.937839258879542614e-02 2.612600000000000477e-01 2.585371083519605873e-01 2.639828916480393972e-01 2.679400000000000115e-01 2.651950135418081334e-01 2.706849864581918896e-01 3.136000000000000593e-02 3.027976730527011037e-02 3.244023269472988413e-02 4.588000000000000411e-02 4.458323495490805477e-02 4.717676504509193958e-02
-4.400000000000000000e+01 4.726000000000000340e-02 4.594482922631737409e-02 4.857517077368263270e-02 7.178000000000001046e-02 7.018016468625117021e-02 7.337983531374882296e-02 2.617400000000000282e-01 2.590154937454505757e-01 2.644645062545493697e-01 2.737100000000000088e-01 2.709465700787628828e-01 2.764734299212371349e-01 3.392000000000000570e-02 3.279802660569926948e-02 3.504197339430072805e-02 4.872000000000000636e-02 4.738569254077105997e-02 5.005430745922893887e-02
-4.300000000000000000e+01 5.093000000000000305e-02 4.956735084288670795e-02 5.229264915711329814e-02 7.587000000000000688e-02 7.422884474566428248e-02 7.751115525433573128e-02 2.622400000000000286e-01 2.595138163328165049e-01 2.649661836671834414e-01 2.800900000000000056e-01 2.773068539583675718e-01 2.828731460416324395e-01 3.646000000000000629e-02 3.529830720066766403e-02 3.762169279933233468e-02 5.154000000000000248e-02 5.016965535172820956e-02 5.291034464827179540e-02
-4.200000000000000000e+01 5.581000000000000544e-02 5.438723294426570098e-02 5.723276705573429601e-02 8.073000000000001009e-02 7.904155425127565304e-02 8.241844574872433937e-02 2.631700000000000150e-01 2.604407084464873123e-01 2.658992915535127177e-01 2.883500000000000507e-01 2.855423608104912248e-01 2.911576391895087657e-01 3.974000000000000449e-02 3.852924452476096800e-02 4.095075547523902709e-02 5.515000000000000457e-02 5.373517644023956957e-02 5.656482355976042570e-02
-4.100000000000000000e+01 6.127000000000000501e-02 5.978357712619784825e-02 6.275642287380214790e-02 8.503000000000000835e-02 8.330122844584135489e-02 8.675877155415863407e-02 2.641200000000000214e-01 2.613875499279826875e-01 2.668524500720173553e-01 2.975000000000000422e-01 2.946665553042145946e-01 3.003334446957853787e-01 4.348000000000000476e-02 4.221602091919175043e-02 4.474397908080824521e-02 5.829000000000000153e-02 5.683787597828549726e-02 5.974212402171450581e-02
-4.000000000000000000e+01 6.738000000000000933e-02 6.582630432547917354e-02 6.893369567452081736e-02 9.018000000000001015e-02 8.840466242006338182e-02 9.195533757993661073e-02 2.650399999999999978e-01 2.623045067079589066e-01 2.677754932920410891e-01 3.076200000000000045e-01 3.047595943175316902e-01 3.104804056824683189e-01 4.766000000000000097e-02 4.633955254775257854e-02 4.898044745224742341e-02 6.201000000000000262e-02 6.051521730685891637e-02 6.350478269314108193e-02
-3.900000000000000000e+01 7.497000000000000886e-02 7.333781359818060397e-02 7.660218640181938599e-02 9.521000000000000296e-02 9.339087195380246786e-02 9.702912804619753806e-02 2.664300000000000002e-01 2.636899377180893511e-01 2.691700622819106492e-01 3.192300000000000137e-01 3.163406500568518576e-01 3.221193499431481699e-01 5.298000000000000625e-02 5.159169897770994606e-02 5.436830102229005257e-02 6.560000000000000553e-02 6.406550165067892433e-02 6.713449834932108673e-02
-3.800000000000000000e+01 8.265000000000000124e-02 8.094337912853093175e-02 8.435662087146907073e-02 1.006000000000000089e-01 9.873566684530035720e-02 1.024643331546996328e-01 2.682200000000000140e-01 2.654741049258970143e-01 2.709658950741030137e-01 3.314100000000000379e-01 3.284925002083807222e-01 3.343274997916192426e-01 5.817000000000000642e-02 5.671927904977953211e-02 5.962072095022046686e-02 6.950000000000000622e-02 6.792384587819089159e-02 7.107615412180912084e-02
-3.700000000000000000e+01 9.130000000000000615e-02 8.951477177802864837e-02 9.308522822197136393e-02 1.069800000000000056e-01 1.050642890549279146e-01 1.088957109450720967e-01 2.703000000000000402e-01 2.675473988499152411e-01 2.730526011500847283e-01 3.455300000000000038e-01 3.425826219624472646e-01 3.484773780375527430e-01 6.421000000000000318e-02 6.269071718325464060e-02 6.572928281674536577e-02 7.412000000000000532e-02 7.249634726723334921e-02 7.574365273276666144e-02
-3.600000000000000000e+01 1.004100000000000131e-01 9.854723150497322892e-02 1.022727684950267696e-01 1.130500000000000116e-01 1.110873948081447793e-01 1.150126051918552161e-01 2.730100000000000304e-01 2.702487763338677351e-01 2.757712236661322147e-01 3.601400000000000157e-01 3.571647308992612069e-01 3.631152691007388245e-01 7.063000000000001222e-02 6.904204928621435200e-02 7.221795071378564468e-02 7.846000000000000196e-02 7.679340782532469156e-02 8.012659217467531236e-02
-3.500000000000000000e+01 1.095200000000000062e-01 1.075844388635556481e-01 1.114555611364443644e-01 1.190300000000000108e-01 1.170229561200758911e-01 1.210370438799241027e-01 2.761100000000000221e-01 2.733390706829740280e-01 2.788809293170260162e-01 3.746200000000000085e-01 3.716200393039148508e-01 3.776199606960851662e-01 7.723000000000000698e-02 7.557541972787744367e-02 7.888458027212254253e-02 8.285000000000000697e-02 8.114150177240196660e-02 8.455849822759801959e-02
-3.400000000000000000e+01 1.180700000000000083e-01 1.160699772735862556e-01 1.200700227264137332e-01 1.251900000000000235e-01 1.231388860886856867e-01 1.272411139113142908e-01 2.803000000000000491e-01 2.775162169174215654e-01 2.830837830825784218e-01 3.889000000000000234e-01 3.858784957848062636e-01 3.919215042151937833e-01 8.330000000000001292e-02 8.158728852526908604e-02 8.501271147473091205e-02 8.738000000000001322e-02 8.562975396593924815e-02 8.913024603406075053e-02
-3.300000000000000000e+01 1.260400000000000131e-01 1.239829347568156825e-01 1.280970652431843437e-01 1.310100000000000153e-01 1.289187415743840992e-01 1.331012584256158759e-01 2.853300000000000280e-01 2.825311824713662712e-01 2.881288175286336739e-01 4.019900000000000140e-01 3.989511452732713015e-01 4.050288547267287265e-01 8.892000000000001292e-02 8.715588832324687452e-02 9.068411167675312357e-02 9.164000000000001311e-02 8.985178541766018767e-02 9.342821458233981080e-02
-3.200000000000000000e+01 1.331400000000000083e-01 1.310343952624272446e-01 1.352456047375727721e-01 1.365600000000000147e-01 1.344317339016998236e-01 1.386882660983001503e-01 2.914500000000000424e-01 2.886334635757094036e-01 2.942665364242905701e-01 4.128600000000000603e-01 4.098084511307694688e-01 4.159115488692305407e-01 9.401000000000001022e-02 9.220117388545201464e-02 9.581882611454797805e-02 9.590000000000001301e-02 9.407498840001544960e-02 9.772501159998454867e-02
-3.100000000000000000e+01 1.394500000000000184e-01 1.373029339500674573e-01 1.415970660499325240e-01 1.419800000000000229e-01 1.398167317187847536e-01 1.441432682812152366e-01 2.991100000000000425e-01 2.962721561879023691e-01 3.019478438120976049e-01 4.239000000000000545e-01 4.208371287809695160e-01 4.269628712190304820e-01 9.869000000000001382e-02 9.684149018749993454e-02 1.005385098125000654e-01 9.986000000000000432e-02 9.800177241657014038e-02 1.017182275834298683e-01
-3.000000000000000000e+01 1.452500000000000180e-01 1.430661353610055142e-01 1.474338646389944663e-01 1.468900000000000206e-01 1.446959489777765173e-01 1.490840510222234683e-01 3.087300000000000044e-01 3.058667362017608582e-01 3.115932637982391507e-01 4.337000000000000299e-01 4.306283899286367789e-01 4.367716100713631699e-01 1.030600000000000127e-01 1.011755923605235641e-01 1.049444076394764336e-01 1.034000000000000058e-01 1.015128443238810657e-01 1.052871556761189459e-01
-2.900000000000000000e+01 1.514000000000000068e-01 1.491784170057738335e-01 1.536215829942261801e-01 1.516600000000000170e-01 1.494368509063397910e-01 1.538831490936601876e-01 3.203200000000000491e-01 3.174280394503489200e-01 3.232119605496510673e-01 4.428200000000000469e-01 4.397413560545804789e-01 4.458986439454195039e-01 1.079300000000000120e-01 1.060068256998723119e-01 1.098531743001276845e-01 1.071100000000000108e-01 1.051932649692142313e-01 1.090267350307857624e-01
-2.800000000000000000e+01 1.578900000000000026e-01 1.556299928366783047e-01 1.601500071633217004e-01 1.567200000000000260e-01 1.544668183655172333e-01 1.589731816344827631e-01 3.345200000000000395e-01 3.315956682530348254e-01 3.374443317469651427e-01 4.515000000000000124e-01 4.484156384231699488e-01 4.545843615768300761e-01 1.129800000000000110e-01 1.110179250989376948e-01 1.149420749010622994e-01 1.110600000000000059e-01 1.091125641976286587e-01 1.130074358023713532e-01
-2.700000000000000000e+01 1.651800000000000213e-01 1.628784350009359894e-01 1.674815649990639976e-01 1.615600000000000092e-01 1.592788648956186548e-01 1.638411351043813635e-01 3.507700000000000262e-01 3.478122694830418915e-01 3.537277305169581609e-01 4.595000000000000195e-01 4.564112077565124492e-01 4.625887922434875899e-01 1.186000000000000110e-01 1.165960957856704006e-01 1.206039042143295936e-01 1.146900000000000142e-01 1.127150388710370654e-01 1.166649611289629351e-01
-2.600000000000000000e+01 1.739400000000000113e-01 1.715906180901200506e-01 1.762893819098799719e-01 1.660900000000000154e-01 1.637833620952549307e-01 1.683966379047450446e-01 3.707600000000000340e-01 3.677663385219097081e-01 3.737536614780902489e-01 4.663700000000000623e-01 4.632780425229556798e-01 4.694619574770443338e-01 1.251300000000000190e-01 1.230793073467050525e-01 1.271806926532949300e-01 1.183300000000000046e-01 1.163280715335318072e-01 1.203319284664682021e-01
-2.500000000000000000e+01 1.837900000000000089e-01 1.813894542592333625e-01 1.861905457407666553e-01 1.705500000000000071e-01 1.682188562311376923e-01 1.728811437688623220e-01 3.938400000000000234e-01 3.908116808734222736e-01 3.968683191265777732e-01 4.734700000000000575e-01 4.703753902841555923e-01 4.765646097158444117e-01 1.328000000000000014e-01 1.306966731631535872e-01 1.349033268368464156e-01 1.220900000000000041e-01 1.200608547494577544e-01 1.241191452505422538e-01
-2.400000000000000000e+01 1.943800000000000250e-01 1.919273306745594432e-01 1.968326693254405513e-01 1.750000000000000167e-01 1.726449827660127001e-01 1.773550172339872777e-01 4.190500000000000336e-01 4.159919090921560536e-01 4.221080909078439025e-01 4.802300000000000457e-01 4.771334482729118753e-01 4.833265517270881051e-01 1.409900000000000042e-01 1.388330436517046240e-01 1.431469563482953844e-01 1.255600000000000049e-01 1.235062917282714612e-01 1.276137082717285487e-01
-2.300000000000000000e+01 2.067900000000000293e-01 2.042798079604441486e-01 2.093001920395558546e-01 1.792800000000000227e-01 1.769025492932604637e-01 1.816574507067395261e-01 4.473700000000000454e-01 4.442882404644984962e-01 4.504517595355014836e-01 4.866900000000000670e-01 4.835921230377716040e-01 4.897878769622284190e-01 1.504200000000000259e-01 1.482043404799056885e-01 1.526356595200943078e-01 1.291100000000000025e-01 1.270316930808428058e-01 1.311883069191571993e-01
-2.200000000000000000e+01 2.202900000000000136e-01 2.177213079914538107e-01 2.228586920085462164e-01 1.833700000000000052e-01 1.809715818686991884e-01 1.857684181313008220e-01 4.787900000000000489e-01 4.756938143292779309e-01 4.818861856707220559e-01 4.927400000000000668e-01 4.896413515347839418e-01 4.958386484652160808e-01 1.609200000000000075e-01 1.586425188678525500e-01 1.631974811321474650e-01 1.329400000000000026e-01 1.308357346498187357e-01 1.350442653501812695e-01
-2.100000000000000000e+01 2.342200000000000115e-01 2.315951040720244658e-01 2.368448959279755572e-01 1.875500000000000222e-01 1.851306152058847243e-01 1.899693847941152647e-01 5.108600000000000918e-01 5.077617559084913745e-01 5.139582440915085870e-01 4.987500000000000266e-01 4.956510345227897463e-01 5.018489654772103625e-01 1.716500000000000248e-01 1.693129019492455312e-01 1.739870980507544629e-01 1.364900000000000002e-01 1.343621931945707670e-01 1.386178068054292334e-01
-2.000000000000000000e+01 2.474300000000000110e-01 2.447554684861752150e-01 2.501045315138247793e-01 1.912600000000000133e-01 1.888223877227181435e-01 1.936976122772818831e-01 5.411100000000000909e-01 5.380215173362057346e-01 5.441984826637942252e-01 5.039000000000000146e-01 5.008011191107355486e-01 5.069988808892644805e-01 1.821000000000000119e-01 1.797080441020870445e-01 1.844919558979129792e-01 1.400800000000000101e-01 1.379288773036985993e-01 1.422311226963014208e-01
-1.900000000000000000e+01 2.584700000000000331e-01 2.557565768533590633e-01 2.611834231466408918e-01 1.951800000000000201e-01 1.927235092792894400e-01 1.976364907207105448e-01 5.674500000000000099e-01 5.643793518946887966e-01 5.705206481053112233e-01 5.089400000000000590e-01 5.058415202405770472e-01 5.120384797594228488e-01 1.911200000000000121e-01 1.886830691376570335e-01 1.935569308623429907e-01 1.441000000000000059e-01 1.419233349970023261e-01 1.462766650029976856e-01
-1.800000000000000000e+01 2.681100000000000150e-01 2.653644617154644614e-01 2.708555382845355686e-01 1.989800000000000180e-01 1.965055739213728003e-01 2.014544260786271801e-01 5.897900000000000365e-01 5.867414037222666856e-01 5.928385962777333873e-01 5.140000000000000124e-01 5.109022398749343274e-01 5.170977601250656974e-01 1.993300000000000072e-01 1.968539397817616055e-01 2.018060602182384089e-01 1.481300000000000117e-01 1.459283095202893454e-01 1.503316904797106779e-01
-1.700000000000000000e+01 2.752200000000000202e-01 2.724518400138855601e-01 2.779881599861144803e-01 2.025100000000000233e-01 2.000192281382665582e-01 2.050007718617334329e-01 6.062400000000000011e-01 6.032117886481103142e-01 6.092682113518896880e-01 5.187100000000000044e-01 5.156131952784381856e-01 5.218068047215618233e-01 2.058600000000000152e-01 2.033539910886724422e-01 2.083660089113275327e-01 1.517900000000000083e-01 1.495660687080698215e-01 1.540139312919301950e-01
-1.600000000000000000e+01 2.799000000000000377e-01 2.771174309790245260e-01 2.826825690209754383e-01 2.057800000000000185e-01 2.032743518732504084e-01 2.082856481267495730e-01 6.172500000000000764e-01 6.142374362912215169e-01 6.202625637087784138e-01 5.231900000000000439e-01 5.200943597424271259e-01 5.262856402575729620e-01 2.110400000000000054e-01 2.085109467554202567e-01 2.135690532445797540e-01 1.555800000000000238e-01 1.533335113430205898e-01 1.578264886569794023e-01
-1.500000000000000000e+01 2.820799999999999974e-01 2.792908474733761803e-01 2.848691525266238145e-01 2.094300000000000050e-01 2.069080428552866613e-01 2.119519571447133488e-01 6.228500000000000147e-01 6.198460210751856048e-01 6.258539789248144247e-01 5.282300000000000884e-01 5.251359681316196681e-01 5.313240318683802865e-01 2.145700000000000107e-01 2.120255944493458777e-01 2.171144055506541437e-01 1.599800000000000111e-01 1.577079088483849534e-01 1.622520911516150688e-01
-1.400000000000000000e+01 2.831800000000000428e-01 2.803875562296338497e-01 2.859724437703661248e-01 2.128800000000000137e-01 2.103429092870549577e-01 2.154170907129450696e-01 6.255600000000000049e-01 6.225603285143472831e-01 6.285596714856527267e-01 5.331299999999999928e-01 5.300378351727624837e-01 5.362221648272375019e-01 2.177500000000000269e-01 2.151920034242951751e-01 2.203079965757048231e-01 1.645500000000000018e-01 1.622519616815830124e-01 1.668480383184169913e-01
-1.300000000000000000e+01 2.836300000000000487e-01 2.808362157245742341e-01 2.864237842754257524e-01 2.161400000000000265e-01 2.135888563348089242e-01 2.186911436651910734e-01 6.264100000000000223e-01 6.234117002156862597e-01 6.294082997843137850e-01 5.374300000000000743e-01 5.343397203968853759e-01 5.405202796031145507e-01 2.206100000000000283e-01 2.180399705321583725e-01 2.231800294678416285e-01 1.689400000000000068e-01 1.666176347428842131e-01 1.712623652571158006e-01
-1.200000000000000000e+01 2.837300000000000377e-01 2.809359182999847104e-01 2.865240817000152540e-01 2.194700000000000262e-01 2.169047454130489383e-01 2.220352545869510585e-01 6.266000000000000458e-01 6.236020081830709882e-01 6.295979918169291034e-01 5.418200000000000793e-01 5.387318835348906543e-01 5.449081164651092823e-01 2.235400000000000165e-01 2.209578274612801208e-01 2.261221725387198567e-01 1.737900000000000278e-01 1.714414181181074803e-01 1.761385818818925197e-01
-1.100000000000000000e+01 2.837900000000000422e-01 2.809957399264157996e-01 2.865842600735841739e-01 2.227600000000000136e-01 2.201810420133556712e-01 2.253389579866443559e-01 6.266000000000000458e-01 6.236020081830709882e-01 6.295979918169291034e-01 5.457100000000000284e-01 5.426240020327881552e-01 5.487959979672119015e-01 2.267900000000000194e-01 2.241945732727558815e-01 2.293854267272441017e-01 1.791400000000000214e-01 1.767632750645970752e-01 1.815167249354029122e-01
-1.000000000000000000e+01 2.837999999999999967e-01 2.810057102034063115e-01 2.865942897965936820e-01 2.259200000000000097e-01 2.233280993294281813e-01 2.285119006705718381e-01 6.266000000000000458e-01 6.236020081830709882e-01 6.295979918169291034e-01 5.493900000000000450e-01 5.463061810077389779e-01 5.524738189922611120e-01 2.301900000000000057e-01 2.275809458569373056e-01 2.327990541430627058e-01 1.842600000000000071e-01 1.818570789401124932e-01 1.866629210598875210e-01
-9.000000000000000000e+00 2.838200000000000167e-01 2.810256507624599442e-01 2.866143492375400892e-01 2.287700000000000289e-01 2.261666078888243114e-01 2.313733921111756908e-01 6.266100000000000003e-01 6.236120244055706197e-01 6.296079755944293810e-01 5.530100000000000016e-01 5.499284906701168429e-01 5.560915093298831602e-01 2.338300000000000101e-01 2.312066225732796465e-01 2.364533774267203736e-01 1.895000000000000018e-01 1.870709905312953059e-01 1.919290094687046977e-01
-8.000000000000000000e+00 2.839000000000000412e-01 2.811054130663019346e-01 2.866945869336980368e-01 2.318200000000000260e-01 2.292044981008882487e-01 2.344355018991117479e-01 6.266100000000000003e-01 6.236120244055706197e-01 6.296079755944293810e-01 5.564800000000000857e-01 5.534008597167171528e-01 5.595591402832827965e-01 2.380300000000000193e-01 2.353904318721405375e-01 2.406695681278594456e-01 1.955000000000000071e-01 1.930419851852479274e-01 1.979580148147520868e-01
-7.000000000000000000e+00 2.840300000000000047e-01 2.812350270407672492e-01 2.868249729592327602e-01 2.347700000000000065e-01 2.321429678676368014e-01 2.373970321323632116e-01 6.266100000000000003e-01 6.236120244055706197e-01 6.296079755944293810e-01 5.598100000000000298e-01 5.567332762554895176e-01 5.628867237445105420e-01 2.426300000000000123e-01 2.399731050133825927e-01 2.452868949866174320e-01 2.017600000000000227e-01 1.992726759509005074e-01 2.042473240490994824e-01
-6.000000000000000000e+00 2.841100000000000292e-01 2.813147896285310701e-01 2.869052103714688773e-01 2.375700000000000311e-01 2.349321877661619262e-01 2.402078122338380806e-01 6.266200000000000658e-01 6.236220406294392671e-01 6.296179593705606425e-01 5.633000000000000229e-01 5.602259596583006873e-01 5.663740403416993585e-01 2.475600000000000300e-01 2.448849970493293671e-01 2.502350029506706375e-01 2.081900000000000139e-01 2.056735487887106639e-01 2.107064512112893084e-01
-5.000000000000000000e+00 2.842200000000000282e-01 2.814244633632252968e-01 2.870155366367746486e-01 2.401700000000000224e-01 2.375223188204842184e-01 2.428176811795157708e-01 6.266200000000000658e-01 6.236220406294392671e-01 6.296179593705606425e-01 5.667100000000000470e-01 5.636387309584627303e-01 5.697812690415373638e-01 2.526900000000000257e-01 2.499966517235719388e-01 2.553833482764281126e-01 2.145500000000000185e-01 2.120056806403681493e-01 2.170943193596318321e-01
-4.000000000000000000e+00 2.843300000000000272e-01 2.815341373022449134e-01 2.871258626977551409e-01 2.428500000000000103e-01 2.401922868314703419e-01 2.455077131685296787e-01 6.266200000000000658e-01 6.236220406294392671e-01 6.296179593705606425e-01 5.698600000000000332e-01 5.667914225213425139e-01 5.729285774786575525e-01 2.581400000000000361e-01 2.554277062608273363e-01 2.608522937391726249e-01 2.215000000000000302e-01 2.189262624147785552e-01 2.240737375852214497e-01
-3.000000000000000000e+00 2.845700000000000451e-01 2.817734266053520398e-01 2.873665733946479395e-01 2.456100000000000227e-01 2.429421028996788801e-01 2.482778971003211099e-01 6.266200000000000658e-01 6.236220406294392671e-01 6.296179593705606425e-01 5.728100000000000414e-01 5.697440580656035758e-01 5.758759419343965069e-01 2.635800000000000365e-01 2.608493432909532173e-01 2.663106567090467447e-01 2.283900000000000097e-01 2.257881302196289575e-01 2.309918697803710619e-01
-2.000000000000000000e+00 2.847200000000000286e-01 2.819229829132188225e-01 2.875170170867811237e-01 2.481400000000000272e-01 2.454628976816976837e-01 2.508171023183023429e-01 6.266300000000000203e-01 6.236320568546771526e-01 6.296279431453228881e-01 5.756200000000000205e-01 5.725566721249921720e-01 5.786833278750078691e-01 2.688300000000000134e-01 2.660821302762894081e-01 2.715778697237106187e-01 2.350500000000000089e-01 2.324218827108643359e-01 2.376781172891356819e-01
-1.000000000000000000e+00 2.849600000000000466e-01 2.821622737947595549e-01 2.877577262052404272e-01 2.507000000000000339e-01 2.480137085840278255e-01 2.533862914159721313e-01 6.266300000000000203e-01 6.236320568546771526e-01 6.296279431453228881e-01 5.784200000000000452e-01 5.753593776781622537e-01 5.814806223218378367e-01 2.738400000000000278e-01 2.710761612894300177e-01 2.766038387105699270e-01 2.415300000000000225e-01 2.388772102211795811e-01 2.441827897788204083e-01
0.000000000000000000e+00 2.853100000000000080e-01 2.825112414029010144e-01 2.881087585970990017e-01 2.532400000000000206e-01 2.505447145493073791e-01 2.559352854506926622e-01 6.266400000000000858e-01 6.236420730812841651e-01 6.296379269187157846e-01 5.808100000000000485e-01 5.777517668576827026e-01 5.838682331423173943e-01 2.777900000000000369e-01 2.750138805832139099e-01 2.805661194167860528e-01 2.468900000000000261e-01 2.442174302526592400e-01 2.495625697473407567e-01
1.000000000000000000e+00 2.856500000000000150e-01 2.828502404819145943e-01 2.884497595180854357e-01 2.556900000000000284e-01 2.529861543909274202e-01 2.583938456090725255e-01 6.266400000000000858e-01 6.236420730812841651e-01 6.296379269187157846e-01 5.832800000000000207e-01 5.802243134270979041e-01 5.863356865729021372e-01 2.812500000000000000e-01 2.784633444807010916e-01 2.840366555192989084e-01 2.520000000000000018e-01 2.493090900760791817e-01 2.546909099239208496e-01
2.000000000000000000e+00 2.861400000000000055e-01 2.833388013959360907e-01 2.889411986040639202e-01 2.580500000000000016e-01 2.553380146303893539e-01 2.607619853696106493e-01 6.266700000000000603e-01 6.236721217693207420e-01 6.296678782306791566e-01 5.856400000000000494e-01 5.825868202787704009e-01 5.886931797212296980e-01 2.839800000000000102e-01 2.811851754783270541e-01 2.867748245216729663e-01 2.562500000000000333e-01 2.535442135510915795e-01 2.589557864489083761e-01
3.000000000000000000e+00 2.867800000000000349e-01 2.839769278416526821e-01 2.895830721583472767e-01 2.607099999999999973e-01 2.579889635985745389e-01 2.634310364014254557e-01 6.266800000000000148e-01 6.236821380014048177e-01 6.296778619985952119e-01 5.880400000000000071e-01 5.849894436604946568e-01 5.910905563395053575e-01 2.858700000000000130e-01 2.830695938627913466e-01 2.886704061372086794e-01 2.599700000000000344e-01 2.572514684908259186e-01 2.626885315091740392e-01
4.000000000000000000e+00 2.875400000000000178e-01 2.847347119061401921e-01 2.903452880938598435e-01 2.631800000000000250e-01 2.604506751137373177e-01 2.659093248862627323e-01 6.267000000000000348e-01 6.237021704696807944e-01 6.296978295303192752e-01 5.904400000000000759e-01 5.873921418971991271e-01 5.934878581028008027e-01 2.871700000000000363e-01 2.843657895097423394e-01 2.899742104902576223e-01 2.628800000000000026e-01 2.601516758858610223e-01 2.656083241141389828e-01
5.000000000000000000e+00 2.885600000000000387e-01 2.857517530535275685e-01 2.913682469464723979e-01 2.658600000000000407e-01 2.631218071318603413e-01 2.685981928681396291e-01 6.267100000000001003e-01 6.237121867058726954e-01 6.297078132941272832e-01 5.926500000000000101e-01 5.896046928952503041e-01 5.956953071047497161e-01 2.884800000000000142e-01 2.856719844933417463e-01 2.912880155066582821e-01 2.658000000000000362e-01 2.630620042516766954e-01 2.685379957483232660e-01
6.000000000000000000e+00 2.900100000000000455e-01 2.871975766589578982e-01 2.928224233410420818e-01 2.691100000000000159e-01 2.663612260960601108e-01 2.718587739039399209e-01 6.267800000000000038e-01 6.237823003975601077e-01 6.297776996024398999e-01 5.951200000000000934e-01 5.920776195196217895e-01 5.981623804803781752e-01 2.900100000000000455e-01 2.871975766589578982e-01 2.928224233410420818e-01 2.691100000000000159e-01 2.663612260960601108e-01 2.718587739039399209e-01
7.000000000000000000e+00 2.915600000000000414e-01 2.887431507913520434e-01 2.943768492086479283e-01 2.721999999999999975e-01 2.694413400042327544e-01 2.749586599957672406e-01 6.268600000000000838e-01 6.238624304130885312e-01 6.298575695869114144e-01 5.972500000000000586e-01 5.942102074605564166e-01 6.002897925394434786e-01 2.915600000000000414e-01 2.887431507913520434e-01 2.943768492086479283e-01 2.721999999999999975e-01 2.694413400042327544e-01 2.749586599957672406e-01
8.000000000000000000e+00 2.934599999999999986e-01 2.906377796139728020e-01 2.962822203860271952e-01 2.756600000000000161e-01 2.728904691871976707e-01 2.784295308128023616e-01 6.269100000000000783e-01 6.239125117173083268e-01 6.299074882826916078e-01 5.992800000000000349e-01 5.962427293574255049e-01 6.023172706425745648e-01 2.934599999999999986e-01 2.906377796139728020e-01 2.962822203860271952e-01 2.756600000000000161e-01 2.728904691871976707e-01 2.784295308128023616e-01
9.000000000000000000e+00 2.959900000000000309e-01 2.931607193823245194e-01 2.988192806176754313e-01 2.798500000000000432e-01 2.770675829292916226e-01 2.826324170707083527e-01 6.270100000000000673e-01 6.240126744284861804e-01 6.300073255715137321e-01 6.014900000000000801e-01 5.984555365650328085e-01 6.045244634349671298e-01 2.959900000000000309e-01 2.931607193823245194e-01 2.988192806176754313e-01 2.798500000000000432e-01 2.770675829292916226e-01 2.826324170707083527e-01
1.000000000000000000e+01 2.989700000000000135e-01 2.961325370559107495e-01 3.018074629440892775e-01 2.842000000000000082e-01 2.814045226689901869e-01 2.869954773310098295e-01 6.270900000000000363e-01 6.240928046960698694e-01 6.300871953039302031e-01 6.035100000000001019e-01 6.004781588337816389e-01 6.065418411662183429e-01 2.989700000000000135e-01 2.961325370559107495e-01 3.018074629440892775e-01 2.842000000000000082e-01 2.814045226689901869e-01 2.869954773310098295e-01
1.100000000000000000e+01 3.026000000000000356e-01 2.997527636184228461e-01 3.054472363815771141e-01 2.890199999999999991e-01 2.862104243427284755e-01 2.918295756572715227e-01 6.271700000000000053e-01 6.241729350513468555e-01 6.301670649486531550e-01 6.052400000000000002e-01 6.022104475728536910e-01 6.082695524271463094e-01 3.026000000000000356e-01 2.997527636184228461e-01 3.054472363815771141e-01 2.890199999999999991e-01 2.862104243427284755e-01 2.918295756572715227e-01
1.200000000000000000e+01 3.068600000000000216e-01 3.040015624235708480e-01 3.097184375764291953e-01 2.944900000000000295e-01 2.916648926568517486e-01 2.973151073431481994e-01 6.272800000000000598e-01 6.242831144330607263e-01 6.302768855669391712e-01 6.070400000000000240e-01 6.040128710729446571e-01 6.100671289270553910e-01 3.068600000000000216e-01 3.040015624235708480e-01 3.097184375764291953e-01 2.944900000000000295e-01 2.916648926568517486e-01 2.973151073431481994e-01
1.300000000000000000e+01 3.120400000000000396e-01 3.091683280932368549e-01 3.149116719067631132e-01 3.008300000000000418e-01 2.979875027347537175e-01 3.036724972652462551e-01 6.274700000000000832e-01 6.244734246648510068e-01 6.304665753351489377e-01 6.087000000000000188e-01 6.056751442702164034e-01 6.117248557297836342e-01 3.120400000000000396e-01 3.091683280932368549e-01 3.149116719067631132e-01 3.008300000000000418e-01 2.979875027347537175e-01 3.036724972652462551e-01
1.400000000000000000e+01 3.182100000000000484e-01 3.153231094670895795e-01 3.210968905329104062e-01 3.079700000000000215e-01 3.051086910160827892e-01 3.108313089839172538e-01 6.277000000000000357e-01 6.247038008708342138e-01 6.306961991291658576e-01 6.104800000000000226e-01 6.074576226074172025e-01 6.135023773925828428e-01 3.182100000000000484e-01 3.153231094670895795e-01 3.210968905329104062e-01 3.079700000000000215e-01 3.051086910160827892e-01 3.108313089839172538e-01
1.500000000000000000e+01 3.258200000000000540e-01 3.229151420956019036e-01 3.287248579043980934e-01 3.165400000000000436e-01 3.136571706088157607e-01 3.194228293911842154e-01 6.280300000000000882e-01 6.250343419120429900e-01 6.310256580879569643e-01 6.120700000000000029e-01 6.090498722000066145e-01 6.150901277999933914e-01 3.258200000000000540e-01 3.229151420956019036e-01 3.287248579043980934e-01 3.165400000000000436e-01 3.136571706088157607e-01 3.194228293911842154e-01
1.600000000000000000e+01 3.348800000000000110e-01 3.319548866488735706e-01 3.378051133511264514e-01 3.262700000000000045e-01 3.233641070884379909e-01 3.291758929115620180e-01 6.283400000000000096e-01 6.253448515242030492e-01 6.313351484757969700e-01 6.135500000000000398e-01 6.105319965836345508e-01 6.165680034163655288e-01 3.348800000000000110e-01 3.319548866488735706e-01 3.378051133511264514e-01 3.262700000000000045e-01 3.233641070884379909e-01 3.291758929115620180e-01
1.700000000000000000e+01 3.458900000000000308e-01 3.429418981145905820e-01 3.488381018854093685e-01 3.381800000000000361e-01 3.352478107678759645e-01 3.411121892321239968e-01 6.287600000000000966e-01 6.257655440714537942e-01 6.317544559285461769e-01 6.153100000000000236e-01 6.122945611478729511e-01 6.183254388521270961e-01 3.458900000000000308e-01 3.429418981145905820e-01 3.488381018854093685e-01 3.381800000000000361e-01 3.352478107678759645e-01 3.411121892321239968e-01
1.800000000000000000e+01 3.588000000000000078e-01 3.558271632227391623e-01 3.617728367772608533e-01 3.520600000000000396e-01 3.490997810863983863e-01 3.550202189136015818e-01 6.293200000000001015e-01 6.263264712382662358e-01 6.323135287617337452e-01 6.172100000000000364e-01 6.141973764976648154e-01 6.202226235023352574e-01 3.588000000000000078e-01 3.558271632227391623e-01 3.617728367772608533e-01 3.520600000000000396e-01 3.490997810863983863e-01 3.550202189136015818e-01
1.900000000000000000e+01 3.732500000000000262e-01 3.702522516643345640e-01 3.762477483356654884e-01 3.672900000000000054e-01 3.643021761310930584e-01 3.702778238689069523e-01 6.300200000000000244e-01 6.270276362621143296e-01 6.330123637378857193e-01 6.190500000000001002e-01 6.160401493660813133e-01 6.220598506339186651e-01 3.732500000000000262e-01 3.702522516643345640e-01 3.762477483356654884e-01 3.672900000000000054e-01 3.643021761310930584e-01 3.702778238689069523e-01
2.000000000000000000e+01 3.915000000000000147e-01 3.884748684465438306e-01 3.945251315534561987e-01 3.860400000000000498e-01 3.830225902924894177e-01 3.890574097075105708e-01 6.308400000000000674e-01 6.278490095854983855e-01 6.338309904145015272e-01 6.209200000000000275e-01 6.179130143787554541e-01 6.239269856212446008e-01 3.915000000000000147e-01 3.884748684465438306e-01 3.945251315534561987e-01 3.860400000000000498e-01 3.830225902924894177e-01 3.890574097075105708e-01
2.100000000000000000e+01 4.116900000000000559e-01 4.086397434715935417e-01 4.147402565284064591e-01 4.067400000000000460e-01 4.036954082454257131e-01 4.097845917545742678e-01 6.319100000000000827e-01 6.289208155483015927e-01 6.348991844516983507e-01 6.231000000000000982e-01 6.200964142489788777e-01 6.261035857510210967e-01 4.116900000000000559e-01 4.086397434715935417e-01 4.147402565284064591e-01 4.067400000000000460e-01 4.036954082454257131e-01 4.097845917545742678e-01
2.200000000000000000e+01 4.351200000000000623e-01 4.320472253367734772e-01 4.381927746632265364e-01 4.304700000000000193e-01 4.274011346129811262e-01 4.335388653870189124e-01 6.333200000000001051e-01 6.303332195230414436e-01 6.363067804769585445e-01 6.253800000000000470e-01 6.223800393039149448e-01 6.283799606960851492e-01 4.351200000000000623e-01 4.320472253367734772e-01 4.381927746632265364e-01 4.304700000000000193e-01 4.274011346129811262e-01 4.335388653870189124e-01
2.300000000000000000e+01 4.611600000000000144e-01 4.580703888766189391e-01 4.642496111233810896e-01 4.569100000000000383e-01 4.538225543181992894e-01 4.599974456818006763e-01 6.350100000000000744e-01 6.320261371582402976e-01 6.379938628417596291e-01 6.280000000000000027e-01 6.250042926647363384e-01 6.309957073352636669e-01 4.611600000000000144e-01 4.580703888766189391e-01 4.642496111233810896e-01 4.569100000000000383e-01 4.538225543181992894e-01 4.599974456818006763e-01
2.400000000000000000e+01 4.894900000000000362e-01 4.863917095403302304e-01 4.925882904596697309e-01 4.855200000000000626e-01 4.824223246377872254e-01 4.886176753622127888e-01 6.368700000000000472e-01 6.338893941347262251e-01 6.398506058652738693e-01 6.306700000000000639e-01 6.276787241107741888e-01 6.336612758892257169e-01 4.894900000000000362e-01 4.863917095403302304e-01 4.925882904596697309e-01 4.855200000000000626e-01 4.824223246377872254e-01 4.886176753622127888e-01
2.500000000000000000e+01 5.201000000000000068e-01 5.170035298848602023e-01 5.231964701151398112e-01 5.164000000000000812e-01 5.133026922877939047e-01 5.194973077122060356e-01 6.392100000000000559e-01 6.362335601038746624e-01 6.421864398961252274e-01 6.337600000000001010e-01 6.307739753317287423e-01 6.367460246682712377e-01 5.201000000000000068e-01 5.170035298848602023e-01 5.231964701151398112e-01 5.164000000000000812e-01 5.133026922877939047e-01 5.194973077122060356e-01
2.600000000000000000e+01 5.515100000000000557e-01 5.484275136027394471e-01 5.545924863972604424e-01 5.480599999999999916e-01 5.449753738582794327e-01 5.511446261417205505e-01 6.424000000000000821e-01 6.394293628206096924e-01 6.453706371793902496e-01 6.375700000000000811e-01 6.345906323532679583e-01 6.405493676467319819e-01 5.515100000000000557e-01 5.484275136027394471e-01 5.545924863972604424e-01 5.480599999999999916e-01 5.449753738582794327e-01 5.511446261417205505e-01
2.700000000000000000e+01 5.815500000000000114e-01 5.784925215326535142e-01 5.846074784673465086e-01 5.783400000000000762e-01 5.752792989779137445e-01 5.814007010220861860e-01 6.462400000000000366e-01 6.432765379397579197e-01 6.492034620602421535e-01 6.420900000000000496e-01 6.391187926516148643e-01 6.450612073483852349e-01 5.815500000000000114e-01 5.784925215326535142e-01 5.846074784673465086e-01 5.783400000000000762e-01 5.752792989779137445e-01 5.814007010220861860e-01
2.800000000000000000e+01 6.086700000000000443e-01 6.056451028626785860e-01 6.116948971373215027e-01 6.058200000000000252e-01 6.027912237793631167e-01 6.088487762206369336e-01 6.510400000000000631e-01 6.480858009687328058e-01 6.539941990312670983e-01 6.475500000000000700e-01 6.445890334422952339e-01 6.505109665577046840e-01 6.086700000000000443e-01 6.056451028626785860e-01 6.116948971373215027e-01 6.058200000000000252e-01 6.027912237793631167e-01 6.088487762206369336e-01
2.900000000000000000e+01 6.317200000000000593e-01 6.287304937094104762e-01 6.347095062905894203e-01 6.291300000000000781e-01 6.261361561806118026e-01 6.321238438193881315e-01 6.569100000000001049e-01 6.539675773328552655e-01 6.598524226671447224e-01 6.540100000000000913e-01 6.510616973769562943e-01 6.569583026230436662e-01 6.317200000000000593e-01 6.287304937094104762e-01 6.347095062905894203e-01 6.291300000000000781e-01 6.261361561806118026e-01 6.321238438193881315e-01
3.000000000000000000e+01 6.512600000000000611e-01 6.483062334019531470e-01 6.542137665980467531e-01 6.489000000000000323e-01 6.459416306603915636e-01 6.518583693396085010e-01 6.644100000000000561e-01 6.614833507494051190e-01 6.673366492505947711e-01 6.619000000000000439e-01 6.589679804149112252e-01 6.648320195850888625e-01 6.512600000000000611e-01 6.483062334019531470e-01 6.542137665980467531e-01 6.489000000000000323e-01 6.459416306603915636e-01 6.518583693396085010e-01
3.100000000000000000e+01 6.678700000000000747e-01 6.649509057887438290e-01 6.707890942112560984e-01 6.658900000000000929e-01 6.629665607420283102e-01 6.688134392579716536e-01 6.732900000000000551e-01 6.703830980252437621e-01 6.761969019747563481e-01 6.712300000000001043e-01 6.683184123996801507e-01 6.741415876003198360e-01 6.678700000000000747e-01 6.649509057887438290e-01 6.707890942112560984e-01 6.658900000000000929e-01 6.629665607420283102e-01 6.688134392579716536e-01
3.200000000000000000e+01 6.832200000000000495e-01 6.803365843335785756e-01 6.861034156664215233e-01 6.817200000000001037e-01 6.788329401746595604e-01 6.846070598253404249e-01 6.849600000000000133e-01 6.820808549455098513e-01 6.878391450544901753e-01 6.834200000000000275e-01 6.805370728346973319e-01 6.863029271653027230e-01 6.832200000000000495e-01 6.803365843335785756e-01 6.861034156664215233e-01 6.817200000000001037e-01 6.788329401746595604e-01 6.846070598253404249e-01
3.300000000000000000e+01 6.981100000000000083e-01 6.952646585914179500e-01 7.009553414085820666e-01 6.969200000000000950e-01 6.940714870756868882e-01 6.997685129243130797e-01 6.985000000000000098e-01 6.956557029262824265e-01 7.013442970737175930e-01 6.973000000000000309e-01 6.944524973685046731e-01 7.001475026314953887e-01 6.981100000000000083e-01 6.952646585914179500e-01 7.009553414085820666e-01 6.969200000000000950e-01 6.940714870756868882e-01 6.997685129243130797e-01
3.400000000000000000e+01 7.150700000000000944e-01 7.122723623814845029e-01 7.178676376185154639e-01 7.140800000000000480e-01 7.112794470173094963e-01 7.168805529826905998e-01 7.151300000000000434e-01 7.123325396004265286e-01 7.179274603995735582e-01 7.141400000000001080e-01 7.113396232369270100e-01 7.169403767630729840e-01 7.150700000000000944e-01 7.122723623814845029e-01 7.178676376185154639e-01 7.140800000000000480e-01 7.112794470173094963e-01 7.168805529826905998e-01
3.500000000000000000e+01 7.354800000000000226e-01 7.327462249111921233e-01 7.382137750888079220e-01 7.347000000000000197e-01 7.319636494344416988e-01 7.374363505655583406e-01 7.354800000000000226e-01 7.327462249111921233e-01 7.382137750888079220e-01 7.347000000000000197e-01 7.319636494344416988e-01 7.374363505655583406e-01 7.354800000000000226e-01 7.327462249111921233e-01 7.382137750888079220e-01 7.347000000000000197e-01 7.319636494344416988e-01 7.374363505655583406e-01
3.600000000000000000e+01 7.580400000000000471e-01 7.553856026175863603e-01 7.606943973824137339e-01 7.574800000000000422e-01 7.548235144612982506e-01 7.601364855387018338e-01 7.580400000000000471e-01 7.553856026175863603e-01 7.606943973824137339e-01 7.574800000000000422e-01 7.548235144612982506e-01 7.601364855387018338e-01 7.580400000000000471e-01 7.553856026175863603e-01 7.606943973824137339e-01 7.574800000000000422e-01 7.548235144612982506e-01 7.601364855387018338e-01
3.700000000000000000e+01 7.834400000000000253e-01 7.808870630852451367e-01 7.859929369147549139e-01 7.830900000000000638e-01 7.805355716986870362e-01 7.856444283013128693e-01 7.834400000000000253e-01 7.808870630852451367e-01 7.859929369147549139e-01 7.830900000000000638e-01 7.805355716986870362e-01 7.856444283013128693e-01 7.834400000000000253e-01 7.808870630852451367e-01 7.859929369147549139e-01 7.830900000000000638e-01 7.805355716986870362e-01 7.856444283013128693e-01
3.800000000000000000e+01 8.129500000000000615e-01 8.105330989800439978e-01 8.153669010199559031e-01 8.127200000000001090e-01 8.103019556337803797e-01 8.151380443662196162e-01 8.129500000000000615e-01 8.105330989800439978e-01 8.153669010199559031e-01 8.127200000000001090e-01 8.103019556337803797e-01 8.151380443662196162e-01 8.129500000000000615e-01 8.105330989800439978e-01 8.153669010199559031e-01 8.127200000000001090e-01 8.103019556337803797e-01 8.151380443662196162e-01
3.900000000000000000e+01 8.431200000000000916e-01 8.408658823629397983e-01 8.453741176370601629e-01 8.429400000000000226e-01 8.406848303456425642e-01 8.451951696543574810e-01 8.431200000000000916e-01 8.408658823629397983e-01 8.453741176370601629e-01 8.429400000000000226e-01 8.406848303456425642e-01 8.451951696543574810e-01 8.431200000000000916e-01 8.408658823629397983e-01 8.453741176370601629e-01 8.429400000000000226e-01 8.406848303456425642e-01 8.451951696543574810e-01
4.000000000000000000e+01 8.751100000000000545e-01 8.730609939197770952e-01 8.771590060802230138e-01 8.750100000000000655e-01 8.729602908811537887e-01 8.770597091188461203e-01 8.751100000000000545e-01 8.730609939197770952e-01 8.771590060802230138e-01 8.750100000000000655e-01 8.729602908811537887e-01 8.770597091188461203e-01 8.751100000000000545e-01 8.730609939197770952e-01 8.771590060802230138e-01 8.750100000000000655e-01 8.729602908811537887e-01 8.770597091188461203e-01
4.100000000000000000e+01 9.066100000000000270e-01 9.048065316242980272e-01 9.084134683757020268e-01 9.065600000000000325e-01 9.047560986552221074e-01 9.083639013447779575e-01 9.066100000000000270e-01 9.048065316242980272e-01 9.084134683757020268e-01 9.065600000000000325e-01 9.047560986552221074e-01 9.083639013447779575e-01 9.066100000000000270e-01 9.048065316242980272e-01 9.084134683757020268e-01 9.065600000000000325e-01 9.047560986552221074e-01 9.083639013447779575e-01
4.200000000000000000e+01 9.344300000000000939e-01 9.328958279393533282e-01 9.359641720606466375e-01 9.344100000000000739e-01 9.328756104033573138e-01 9.359443895966426119e-01 9.344300000000000939e-01 9.328958279393533282e-01 9.359641720606466375e-01 9.344100000000000739e-01 9.328756104033573138e-01 9.359443895966426119e-01 9.344300000000000939e-01 9.328958279393533282e-01 9.359641720606466375e-01 9.344100000000000739e-01 9.328756104033573138e-01 9.359443895966426119e-01
4.300000000000000000e+01 9.584500000000000242e-01 9.572131462904281962e-01 9.596868537095718521e-01 9.584500000000000242e-01 9.572131462904281962e-01 9.596868537095718521e-01 9.584500000000000242e-01 9.572131462904281962e-01 9.596868537095718521e-01 9.584500000000000242e-01 9.572131462904281962e-01 9.596868537095718521e-01 9.584500000000000242e-01 9.572131462904281962e-01 9.596868537095718521e-01 9.584500000000000242e-01 9.572131462904281962e-01 9.596868537095718521e-01
4.400000000000000000e+01 9.764900000000000801e-01 9.755509076436739146e-01 9.774290923563260236e-01 9.764900000000000801e-01 9.755509076436739146e-01 9.774290923563260236e-01 9.764900000000000801e-01 9.755509076436739146e-01 9.774290923563260236e-01 9.764900000000000801e-01 9.755509076436739146e-01 9.774290923563260236e-01 9.764900000000000801e-01 9.755509076436739146e-01 9.774290923563260236e-01 9.764900000000000801e-01 9.755509076436739146e-01 9.774290923563260236e-01
4.500000000000000000e+01 9.883800000000000363e-01 9.877157781934919889e-01 9.890442218065080837e-01 9.883800000000000363e-01 9.877157781934919889e-01 9.890442218065080837e-01 9.883800000000000363e-01 9.877157781934919889e-01 9.890442218065080837e-01 9.883800000000000363e-01 9.877157781934919889e-01 9.890442218065080837e-01 9.883800000000000363e-01 9.877157781934919889e-01 9.890442218065080837e-01 9.883800000000000363e-01 9.877157781934919889e-01 9.890442218065080837e-01
4.600000000000000000e+01 9.954000000000000625e-01 9.949806025118511643e-01 9.958193974881487387e-01 9.954000000000000625e-01 9.949806025118511643e-01 9.958193974881487387e-01 9.954000000000000625e-01 9.949806025118511643e-01 9.958193974881487387e-01 9.954000000000000625e-01 9.949806025118511643e-01 9.958193974881487387e-01 9.954000000000000625e-01 9.949806025118511643e-01 9.958193974881487387e-01 9.954000000000000625e-01 9.949806025118511643e-01 9.958193974881487387e-01
4.700000000000000000e+01 9.984700000000000797e-01 9.982277513772028765e-01 9.987122486227970608e-01 9.984700000000000797e-01 9.982277513772028765e-01 9.987122486227970608e-01 9.984700000000000797e-01 9.982277513772028765e-01 9.987122486227970608e-01 9.984700000000000797e-01 9.982277513772028765e-01 9.987122486227970608e-01 9.984700000000000797e-01 9.982277513772028765e-01 9.987122486227970608e-01 9.984700000000000797e-01 9.982277513772028765e-01 9.987122486227970608e-01
4.800000000000000000e+01 9.995900000000000896e-01 9.994645268009789696e-01 9.997154731990209875e-01 9.995900000000000896e-01 9.994645268009789696e-01 9.997154731990209875e-01 9.995900000000000896e-01 9.994645268009789696e-01 9.997154731990209875e-01 9.995900000000000896e-01 9.994645268009789696e-01 9.997154731990209875e-01 9.995900000000000896e-01 9.994645268009789696e-01 9.997154731990209875e-01 9.995900000000000896e-01 9.994645268009789696e-01 9.997154731990209875e-01
4.900000000000000000e+01 9.999300000000000965e-01 9.998781460421664047e-01 9.999818539578335663e-01 9.999300000000000965e-01 9.998781460421664047e-01 9.999818539578335663e-01 9.999300000000000965e-01 9.998781460421664047e-01 9.999818539578335663e-01 9.999300000000000965e-01 9.998781460421664047e-01 9.999818539578335663e-01 9.999300000000000965e-01 9.998781460421664047e-01 9.999818539578335663e-01 9.999300000000000965e-01 9.998781460421664047e-01 9.999818539578335663e-01
5.000000000000000000e+01 9.999900000000000455e-01 9.999704004581531080e-01 1.000000000000000000e+00 9.999900000000000455e-01 9.999704004581531080e-01 1.000000000000000000e+00 9.999900000000000455e-01 9.999704004581531080e-01 1.000000000000000000e+00 9.999900000000000455e-01 9.999704004581531080e-01 1.000000000000000000e+00 9.999900000000000455e-01 9.999704004581531080e-01 1.000000000000000000e+00 9.999900000000000455e-01 9.999704004581531080e-01 1.000000000000000000e+00
5.100000000000000000e+01 1.000000000000000000e+00 1.000000000000000000e+00 1.000000000000000000e+00 1.000000000000000000e+00 1.000000000000000000e+00 1.000000000000000000e+00 1.000000000000000000e+00 1.000000000000000000e+00 1.000000000000000000e+00 1.000000000000000000e+00 1.000000000000000000e+00 1.000000000000000000e+00 1.000000000000000000e+00 1.000000000000000000e+00 1.000000000000000000e+00 1.000000000000000000e+00 1.000000000000000000e+00 1.000000000000000000e+00
5.200000000000000000e+01 1.000000000000000000e+00 1.000000000000000000e+00 1.000000000000000000e+00 1.000000000000000000e+00 1.000000000000000000e+00 1.000000000000000000e+00 1.000000000000000000e+00 1.000000000000000000e+00 1.000000000000000000e+00 1.000000000000000000e+00 1.000000000000000000e+00 1.000000000000000000e+00 1.000000000000000000e+00 1.000000000000000000e+00 1.000000000000000000e+00 1.000000000000000000e+00 1.000000000000000000e+00 1.000000000000000000e+00
5.300000000000000000e+01 1.000000000000000000e+00 1.000000000000000000e+00 1.000000000000000000e+00 1.000000000000000000e+00 1.000000000000000000e+00 1.000000000000000000e+00 1.000000000000000000e+00 1.000000000000000000e+00 1.000000000000000000e+00 1.000000000000000000e+00 1.000000000000000000e+00 1.000000000000000000e+00 1.000000000000000000e+00 1.000000000000000000e+00 1.000000000000000000e+00 1.000000000000000000e+00 1.000000000000000000e+00 1.000000000000000000e+00
5.400000000000000000e+01 1.000000000000000000e+00 1.000000000000000000e+00 1.000000000000000000e+00 1.000000000000000000e+00 1.000000000000000000e+00 1.000000000000000000e+00 1.000000000000000000e+00 1.000000000000000000e+00 1.000000000000000000e+00 1.000000000000000000e+00 1.000000000000000000e+00 1.000000000000000000e+00 1.000000000000000000e+00 1.000000000000000000e+00 1.000000000000000000e+00 1.000000000000000000e+00 1.000000000000000000e+00 1.000000000000000000e+00
5.500000000000000000e+01 1.000000000000000000e+00 1.000000000000000000e+00 1.000000000000000000e+00 1.000000000000000000e+00 1.000000000000000000e+00 1.000000000000000000e+00 1.000000000000000000e+00 1.000000000000000000e+00 1.000000000000000000e+00 1.000000000000000000e+00 1.000000000000000000e+00 1.000000000000000000e+00 1.000000000000000000e+00 1.000000000000000000e+00 1.000000000000000000e+00 1.000000000000000000e+00 1.000000000000000000e+00 1.000000000000000000e+00
5.600000000000000000e+01 1.000000000000000000e+00 1.000000000000000000e+00 1.000000000000000000e+00 1.000000000000000000e+00 1.000000000000000000e+00 1.000000000000000000e+00 1.000000000000000000e+00 1.000000000000000000e+00 1.000000000000000000e+00 1.000000000000000000e+00 1.000000000000000000e+00 1.000000000000000000e+00 1.000000000000000000e+00 1.000000000000000000e+00 1.000000000000000000e+00 1.000000000000000000e+00 1.000000000000000000e+00 1.000000000000000000e+00
5.700000000000000000e+01 1.000000000000000000e+00 1.000000000000000000e+00 1.000000000000000000e+00 1.000000000000000000e+00 1.000000000000000000e+00 1.000000000000000000e+00 1.000000000000000000e+00 1.000000000000000000e+00 1.000000000000000000e+00 1.000000000000000000e+00 1.000000000000000000e+00 1.000000000000000000e+00 1.000000000000000000e+00 1.000000000000000000e+00 1.000000000000000000e+00 1.000000000000000000e+00 1.000000000000000000e+00 1.000000000000000000e+00
5.800000000000000000e+01 1.000000000000000000e+00 1.000000000000000000e+00 1.000000000000000000e+00 1.000000000000000000e+00 1.000000000000000000e+00 1.000000000000000000e+00 1.000000000000000000e+00 1.000000000000000000e+00 1.000000000000000000e+00 1.000000000000000000e+00 1.000000000000000000e+00 1.000000000000000000e+00 1.000000000000000000e+00 1.000000000000000000e+00 1.000000000000000000e+00 1.000000000000000000e+00 1.000000000000000000e+00 1.000000000000000000e+00
5.900000000000000000e+01 1.000000000000000000e+00 1.000000000000000000e+00 1.000000000000000000e+00 1.000000000000000000e+00 1.000000000000000000e+00 1.000000000000000000e+00 1.000000000000000000e+00 1.000000000000000000e+00 1.000000000000000000e+00 1.000000000000000000e+00 1.000000000000000000e+00 1.000000000000000000e+00 1.000000000000000000e+00 1.000000000000000000e+00 1.000000000000000000e+00 1.000000000000000000e+00 1.000000000000000000e+00 1.000000000000000000e+00
6.000000000000000000e+01 1.000000000000000000e+00 1.000000000000000000e+00 1.000000000000000000e+00 1.000000000000000000e+00 1.000000000000000000e+00 1.000000000000000000e+00 1.000000000000000000e+00 1.000000000000000000e+00 1.000000000000000000e+00 1.000000000000000000e+00 1.000000000000000000e+00 1.000000000000000000e+00 1.000000000000000000e+00 1.000000000000000000e+00 1.000000000000000000e+00 1.000000000000000000e+00 1.000000000000000000e+00 1.000000000000000000e+00
6.100000000000000000e+01 1.000000000000000000e+00 1.000000000000000000e+00 1.000000000000000000e+00 1.000000000000000000e+00 1.000000000000000000e+00 1.000000000000000000e+00 1.000000000000000000e+00 1.000000000000000000e+00 1.000000000000000000e+00 1.000000000000000000e+00 1.000000000000000000e+00 1.000000000000000000e+00 1.000000000000000000e+00 1.000000000000000000e+00 1.000000000000000000e+00 1.000000000000000000e+00 1.000000000000000000e+00 1.000000000000000000e+00
6.200000000000000000e+01 1.000000000000000000e+00 1.000000000000000000e+00 1.000000000000000000e+00 1.000000000000000000e+00 1.000000000000000000e+00 1.000000000000000000e+00 1.000000000000000000e+00 1.000000000000000000e+00 1.000000000000000000e+00 1.000000000000000000e+00 1.000000000000000000e+00 1.000000000000000000e+00 1.000000000000000000e+00 1.000000000000000000e+00 1.000000000000000000e+00 1.000000000000000000e+00 1.000000000000000000e+00 1.000000000000000000e+00
6.300000000000000000e+01 1.000000000000000000e+00 1.000000000000000000e+00 1.000000000000000000e+00 1.000000000000000000e+00 1.000000000000000000e+00 1.000000000000000000e+00 1.000000000000000000e+00 1.000000000000000000e+00 1.000000000000000000e+00 1.000000000000000000e+00 1.000000000000000000e+00 1.000000000000000000e+00 1.000000000000000000e+00 1.000000000000000000e+00 1.000000000000000000e+00 1.000000000000000000e+00 1.000000000000000000e+00 1.000000000000000000e+00
6.400000000000000000e+01 1.000000000000000000e+00 1.000000000000000000e+00 1.000000000000000000e+00 1.000000000000000000e+00 1.000000000000000000e+00 1.000000000000000000e+00 1.000000000000000000e+00 1.000000000000000000e+00 1.000000000000000000e+00 1.000000000000000000e+00 1.000000000000000000e+00 1.000000000000000000e+00 1.000000000000000000e+00 1.000000000000000000e+00 1.000000000000000000e+00 1.000000000000000000e+00 1.000000000000000000e+00 1.000000000000000000e+00
6.500000000000000000e+01 1.000000000000000000e+00 1.000000000000000000e+00 1.000000000000000000e+00 1.000000000000000000e+00 1.000000000000000000e+00 1.000000000000000000e+00 1.000000000000000000e+00 1.000000000000000000e+00 1.000000000000000000e+00 1.000000000000000000e+00 1.000000000000000000e+00 1.000000000000000000e+00 1.000000000000000000e+00 1.000000000000000000e+00 1.000000000000000000e+00 1.000000000000000000e+00 1.000000000000000000e+00 1.000000000000000000e+00
6.600000000000000000e+01 1.000000000000000000e+00 1.000000000000000000e+00 1.000000000000000000e+00 1.000000000000000000e+00 1.000000000000000000e+00 1.000000000000000000e+00 1.000000000000000000e+00 1.000000000000000000e+00 1.000000000000000000e+00 1.000000000000000000e+00 1.000000000000000000e+00 1.000000000000000000e+00 1.000000000000000000e+00 1.000000000000000000e+00 1.000000000000000000e+00 1.000000000000000000e+00 1.000000000000000000e+00 1.000000000000000000e+00
6.700000000000000000e+01 1.000000000000000000e+00 1.000000000000000000e+00 1.000000000000000000e+00 1.000000000000000000e+00 1.000000000000000000e+00 1.000000000000000000e+00 1.000000000000000000e+00 1.000000000000000000e+00 1.000000000000000000e+00 1.000000000000000000e+00 1.000000000000000000e+00 1.000000000000000000e+00 1.000000000000000000e+00 1.000000000000000000e+00 1.000000000000000000e+00 1.000000000000000000e+00 1.000000000000000000e+00 1.000000000000000000e+00
6.800000000000000000e+01 1.000000000000000000e+00 1.000000000000000000e+00 1.000000000000000000e+00 1.000000000000000000e+00 1.000000000000000000e+00 1.000000000000000000e+00 1.000000000000000000e+00 1.000000000000000000e+00 1.000000000000000000e+00 1.000000000000000000e+00 1.000000000000000000e+00 1.000000000000000000e+00 1.000000000000000000e+00 1.000000000000000000e+00 1.000000000000000000e+00 1.000000000000000000e+00 1.000000000000000000e+00 1.000000000000000000e+00
6.900000000000000000e+01 1.000000000000000000e+00 1.000000000000000000e+00 1.000000000000000000e+00 1.000000000000000000e+00 1.000000000000000000e+00 1.000000000000000000e+00 1.000000000000000000e+00 1.000000000000000000e+00 1.000000000000000000e+00 1.000000000000000000e+00 1.000000000000000000e+00 1.000000000000000000e+00 1.000000000000000000e+00 1.000000000000000000e+00 1.000000000000000000e+00 1.000000000000000000e+00 1.000000000000000000e+00 1.000000000000000000e+00
7.000000000000000000e+01 1.000000000000000000e+00 1.000000000000000000e+00 1.000000000000000000e+00 1.000000000000000000e+00 1.000000000000000000e+00 1.000000000000000000e+00 1.000000000000000000e+00 1.000000000000000000e+00 1.000000000000000000e+00 1.000000000000000000e+00 1.000000000000000000e+00 1.000000000000000000e+00 1.000000000000000000e+00 1.000000000000000000e+00 1.000000000000000000e+00 1.000000000000000000e+00 1.000000000000000000e+00 1.000000000000000000e+00
7.100000000000000000e+01 1.000000000000000000e+00 1.000000000000000000e+00 1.000000000000000000e+00 1.000000000000000000e+00 1.000000000000000000e+00 1.000000000000000000e+00 1.000000000000000000e+00 1.000000000000000000e+00 1.000000000000000000e+00 1.000000000000000000e+00 1.000000000000000000e+00 1.000000000000000000e+00 1.000000000000000000e+00 1.000000000000000000e+00 1.000000000000000000e+00 1.000000000000000000e+00 1.000000000000000000e+00 1.000000000000000000e+00
7.200000000000000000e+01 1.000000000000000000e+00 1.000000000000000000e+00 1.000000000000000000e+00 1.000000000000000000e+00 1.000000000000000000e+00 1.000000000000000000e+00 1.000000000000000000e+00 1.000000000000000000e+00 1.000000000000000000e+00 1.000000000000000000e+00 1.000000000000000000e+00 1.000000000000000000e+00 1.000000000000000000e+00 1.000000000000000000e+00 1.000000000000000000e+00 1.000000000000000000e+00 1.000000000000000000e+00 1.000000000000000000e+00
7.300000000000000000e+01 1.000000000000000000e+00 1.000000000000000000e+00 1.000000000000000000e+00 1.000000000000000000e+00 1.000000000000000000e+00 1.000000000000000000e+00 1.000000000000000000e+00 1.000000000000000000e+00 1.000000000000000000e+00 1.000000000000000000e+00 1.000000000000000000e+00 1.000000000000000000e+00 1.000000000000000000e+00 1.000000000000000000e+00 1.000000000000000000e+00 1.000000000000000000e+00 1.000000000000000000e+00 1.000000000000000000e+00
7.400000000000000000e+01 1.000000000000000000e+00 1.000000000000000000e+00 1.000000000000000000e+00 1.000000000000000000e+00 1.000000000000000000e+00 1.000000000000000000e+00 1.000000000000000000e+00 1.000000000000000000e+00 1.000000000000000000e+00 1.000000000000000000e+00 1.000000000000000000e+00 1.000000000000000000e+00 1.000000000000000000e+00 1.000000000000000000e+00 1.000000000000000000e+00 1.000000000000000000e+00 1.000000000000000000e+00 1.000000000000000000e+00
7.500000000000000000e+01 1.000000000000000000e+00 1.000000000000000000e+00 1.000000000000000000e+00 1.000000000000000000e+00 1.000000000000000000e+00 1.000000000000000000e+00 1.000000000000000000e+00 1.000000000000000000e+00 1.000000000000000000e+00 1.000000000000000000e+00 1.000000000000000000e+00 1.000000000000000000e+00 1.000000000000000000e+00 1.000000000000000000e+00 1.000000000000000000e+00 1.000000000000000000e+00 1.000000000000000000e+00 1.000000000000000000e+00
7.600000000000000000e+01 1.000000000000000000e+00 1.000000000000000000e+00 1.000000000000000000e+00 1.000000000000000000e+00 1.000000000000000000e+00 1.000000000000000000e+00 1.000000000000000000e+00 1.000000000000000000e+00 1.000000000000000000e+00 1.000000000000000000e+00 1.000000000000000000e+00 1.000000000000000000e+00 1.000000000000000000e+00 1.000000000000000000e+00 1.000000000000000000e+00 1.000000000000000000e+00 1.000000000000000000e+00 1.000000000000000000e+00
7.700000000000000000e+01 1.000000000000000000e+00 1.000000000000000000e+00 1.000000000000000000e+00 1.000000000000000000e+00 1.000000000000000000e+00 1.000000000000000000e+00 1.000000000000000000e+00 1.000000000000000000e+00 1.000000000000000000e+00 1.000000000000000000e+00 1.000000000000000000e+00 1.000000000000000000e+00 1.000000000000000000e+00 1.000000000000000000e+00 1.000000000000000000e+00 1.000000000000000000e+00 1.000000000000000000e+00 1.000000000000000000e+00
7.800000000000000000e+01 1.000000000000000000e+00 1.000000000000000000e+00 1.000000000000000000e+00 1.000000000000000000e+00 1.000000000000000000e+00 1.000000000000000000e+00 1.000000000000000000e+00 1.000000000000000000e+00 1.000000000000000000e+00 1.000000000000000000e+00 1.000000000000000000e+00 1.000000000000000000e+00 1.000000000000000000e+00 1.000000000000000000e+00 1.000000000000000000e+00 1.000000000000000000e+00 1.000000000000000000e+00 1.000000000000000000e+00
7.900000000000000000e+01 1.000000000000000000e+00 1.000000000000000000e+00 1.000000000000000000e+00 1.000000000000000000e+00 1.000000000000000000e+00 1.000000000000000000e+00 1.000000000000000000e+00 1.000000000000000000e+00 1.000000000000000000e+00 1.000000000000000000e+00 1.000000000000000000e+00 1.000000000000000000e+00 1.000000000000000000e+00 1.000000000000000000e+00 1.000000000000000000e+00 1.000000000000000000e+00 1.000000000000000000e+00 1.000000000000000000e+00
8.000000000000000000e+01 1.000000000000000000e+00 1.000000000000000000e+00 1.000000000000000000e+00 1.000000000000000000e+00 1.000000000000000000e+00 1.000000000000000000e+00 1.000000000000000000e+00 1.000000000000000000e+00 1.000000000000000000e+00 1.000000000000000000e+00 1.000000000000000000e+00 1.000000000000000000e+00 1.000000000000000000e+00 1.000000000000000000e+00 1.000000000000000000e+00 1.000000000000000000e+00 1.000000000000000000e+00 1.000000000000000000e+00
8.100000000000000000e+01 1.000000000000000000e+00 1.000000000000000000e+00 1.000000000000000000e+00 1.000000000000000000e+00 1.000000000000000000e+00 1.000000000000000000e+00 1.000000000000000000e+00 1.000000000000000000e+00 1.000000000000000000e+00 1.000000000000000000e+00 1.000000000000000000e+00 1.000000000000000000e+00 1.000000000000000000e+00 1.000000000000000000e+00 1.000000000000000000e+00 1.000000000000000000e+00 1.000000000000000000e+00 1.000000000000000000e+00
8.200000000000000000e+01 1.000000000000000000e+00 1.000000000000000000e+00 1.000000000000000000e+00 1.000000000000000000e+00 1.000000000000000000e+00 1.000000000000000000e+00 1.000000000000000000e+00 1.000000000000000000e+00 1.000000000000000000e+00 1.000000000000000000e+00 1.000000000000000000e+00 1.000000000000000000e+00 1.000000000000000000e+00 1.000000000000000000e+00 1.000000000000000000e+00 1.000000000000000000e+00 1.000000000000000000e+00 1.000000000000000000e+00
8.300000000000000000e+01 1.000000000000000000e+00 1.000000000000000000e+00 1.000000000000000000e+00 1.000000000000000000e+00 1.000000000000000000e+00 1.000000000000000000e+00 1.000000000000000000e+00 1.000000000000000000e+00 1.000000000000000000e+00 1.000000000000000000e+00 1.000000000000000000e+00 1.000000000000000000e+00 1.000000000000000000e+00 1.000000000000000000e+00 1.000000000000000000e+00 1.000000000000000000e+00 1.000000000000000000e+00 1.000000000000000000e+00
8.400000000000000000e+01 1.000000000000000000e+00 1.000000000000000000e+00 1.000000000000000000e+00 1.000000000000000000e+00 1.000000000000000000e+00 1.000000000000000000e+00 1.000000000000000000e+00 1.000000000000000000e+00 1.000000000000000000e+00 1.000000000000000000e+00 1.000000000000000000e+00 1.000000000000000000e+00 1.000000000000000000e+00 1.000000000000000000e+00 1.000000000000000000e+00 1.000000000000000000e+00 1.000000000000000000e+00 1.000000000000000000e+00
8.500000000000000000e+01 1.000000000000000000e+00 1.000000000000000000e+00 1.000000000000000000e+00 1.000000000000000000e+00 1.000000000000000000e+00 1.000000000000000000e+00 1.000000000000000000e+00 1.000000000000000000e+00 1.000000000000000000e+00 1.000000000000000000e+00 1.000000000000000000e+00 1.000000000000000000e+00 1.000000000000000000e+00 1.000000000000000000e+00 1.000000000000000000e+00 1.000000000000000000e+00 1.000000000000000000e+00 1.000000000000000000e+00
8.600000000000000000e+01 1.000000000000000000e+00 1.000000000000000000e+00 1.000000000000000000e+00 1.000000000000000000e+00 1.000000000000000000e+00 1.000000000000000000e+00 1.000000000000000000e+00 1.000000000000000000e+00 1.000000000000000000e+00 1.000000000000000000e+00 1.000000000000000000e+00 1.000000000000000000e+00 1.000000000000000000e+00 1.000000000000000000e+00 1.000000000000000000e+00 1.000000000000000000e+00 1.000000000000000000e+00 1.000000000000000000e+00
8.700000000000000000e+01 1.000000000000000000e+00 1.000000000000000000e+00 1.000000000000000000e+00 1.000000000000000000e+00 1.000000000000000000e+00 1.000000000000000000e+00 1.000000000000000000e+00 1.000000000000000000e+00 1.000000000000000000e+00 1.000000000000000000e+00 1.000000000000000000e+00 1.000000000000000000e+00 1.000000000000000000e+00 1.000000000000000000e+00 1.000000000000000000e+00 1.000000000000000000e+00 1.000000000000000000e+00 1.000000000000000000e+00
8.800000000000000000e+01 1.000000000000000000e+00 1.000000000000000000e+00 1.000000000000000000e+00 1.000000000000000000e+00 1.000000000000000000e+00 1.000000000000000000e+00 1.000000000000000000e+00 1.000000000000000000e+00 1.000000000000000000e+00 1.000000000000000000e+00 1.000000000000000000e+00 1.000000000000000000e+00 1.000000000000000000e+00 1.000000000000000000e+00 1.000000000000000000e+00 1.000000000000000000e+00 1.000000000000000000e+00 1.000000000000000000e+00
8.900000000000000000e+01 1.000000000000000000e+00 1.000000000000000000e+00 1.000000000000000000e+00 1.000000000000000000e+00 1.000000000000000000e+00 1.000000000000000000e+00 1.000000000000000000e+00 1.000000000000000000e+00 1.000000000000000000e+00 1.000000000000000000e+00 1.000000000000000000e+00 1.000000000000000000e+00 1.000000000000000000e+00 1.000000000000000000e+00 1.000000000000000000e+00 1.000000000000000000e+00 1.000000000000000000e+00 1.000000000000000000e+00
9.000000000000000000e+01 1.000000000000000000e+00 1.000000000000000000e+00 1.000000000000000000e+00 1.000000000000000000e+00 1.000000000000000000e+00 1.000000000000000000e+00 1.000000000000000000e+00 1.000000000000000000e+00 1.000000000000000000e+00 1.000000000000000000e+00 1.000000000000000000e+00 1.000000000000000000e+00 1.000000000000000000e+00 1.000000000000000000e+00 1.000000000000000000e+00 1.000000000000000000e+00 1.000000000000000000e+00 1.000000000000000000e+00
9.100000000000000000e+01 1.000000000000000000e+00 1.000000000000000000e+00 1.000000000000000000e+00 1.000000000000000000e+00 1.000000000000000000e+00 1.000000000000000000e+00 1.000000000000000000e+00 1.000000000000000000e+00 1.000000000000000000e+00 1.000000000000000000e+00 1.000000000000000000e+00 1.000000000000000000e+00 1.000000000000000000e+00 1.000000000000000000e+00 1.000000000000000000e+00 1.000000000000000000e+00 1.000000000000000000e+00 1.000000000000000000e+00
9.200000000000000000e+01 1.000000000000000000e+00 1.000000000000000000e+00 1.000000000000000000e+00 1.000000000000000000e+00 1.000000000000000000e+00 1.000000000000000000e+00 1.000000000000000000e+00 1.000000000000000000e+00 1.000000000000000000e+00 1.000000000000000000e+00 1.000000000000000000e+00 1.000000000000000000e+00 1.000000000000000000e+00 1.000000000000000000e+00 1.000000000000000000e+00 1.000000000000000000e+00 1.000000000000000000e+00 1.000000000000000000e+00
9.300000000000000000e+01 1.000000000000000000e+00 1.000000000000000000e+00 1.000000000000000000e+00 1.000000000000000000e+00 1.000000000000000000e+00 1.000000000000000000e+00 1.000000000000000000e+00 1.000000000000000000e+00 1.000000000000000000e+00 1.000000000000000000e+00 1.000000000000000000e+00 1.000000000000000000e+00 1.000000000000000000e+00 1.000000000000000000e+00 1.000000000000000000e+00 1.000000000000000000e+00 1.000000000000000000e+00 1.000000000000000000e+00
9.400000000000000000e+01 1.000000000000000000e+00 1.000000000000000000e+00 1.000000000000000000e+00 1.000000000000000000e+00 1.000000000000000000e+00 1.000000000000000000e+00 1.000000000000000000e+00 1.000000000000000000e+00 1.000000000000000000e+00 1.000000000000000000e+00 1.000000000000000000e+00 1.000000000000000000e+00 1.000000000000000000e+00 1.000000000000000000e+00 1.000000000000000000e+00 1.000000000000000000e+00 1.000000000000000000e+00 1.000000000000000000e+00
9.500000000000000000e+01 1.000000000000000000e+00 1.000000000000000000e+00 1.000000000000000000e+00 1.000000000000000000e+00 1.000000000000000000e+00 1.000000000000000000e+00 1.000000000000000000e+00 1.000000000000000000e+00 1.000000000000000000e+00 1.000000000000000000e+00 1.000000000000000000e+00 1.000000000000000000e+00 1.000000000000000000e+00 1.000000000000000000e+00 1.000000000000000000e+00 1.000000000000000000e+00 1.000000000000000000e+00 1.000000000000000000e+00
9.600000000000000000e+01 1.000000000000000000e+00 1.000000000000000000e+00 1.000000000000000000e+00 1.000000000000000000e+00 1.000000000000000000e+00 1.000000000000000000e+00 1.000000000000000000e+00 1.000000000000000000e+00 1.000000000000000000e+00 1.000000000000000000e+00 1.000000000000000000e+00 1.000000000000000000e+00 1.000000000000000000e+00 1.000000000000000000e+00 1.000000000000000000e+00 1.000000000000000000e+00 1.000000000000000000e+00 1.000000000000000000e+00
9.700000000000000000e+01 1.000000000000000000e+00 1.000000000000000000e+00 1.000000000000000000e+00 1.000000000000000000e+00 1.000000000000000000e+00 1.000000000000000000e+00 1.000000000000000000e+00 1.000000000000000000e+00 1.000000000000000000e+00 1.000000000000000000e+00 1.000000000000000000e+00 1.000000000000000000e+00 1.000000000000000000e+00 1.000000000000000000e+00 1.000000000000000000e+00 1.000000000000000000e+00 1.000000000000000000e+00 1.000000000000000000e+00
9.800000000000000000e+01 1.000000000000000000e+00 1.000000000000000000e+00 1.000000000000000000e+00 1.000000000000000000e+00 1.000000000000000000e+00 1.000000000000000000e+00 1.000000000000000000e+00 1.000000000000000000e+00 1.000000000000000000e+00 1.000000000000000000e+00 1.000000000000000000e+00 1.000000000000000000e+00 1.000000000000000000e+00 1.000000000000000000e+00 1.000000000000000000e+00 1.000000000000000000e+00 1.000000000000000000e+00 1.000000000000000000e+00
9.900000000000000000e+01 1.000000000000000000e+00 1.000000000000000000e+00 1.000000000000000000e+00 1.000000000000000000e+00 1.000000000000000000e+00 1.000000000000000000e+00 1.000000000000000000e+00 1.000000000000000000e+00 1.000000000000000000e+00 1.000000000000000000e+00 1.000000000000000000e+00 1.000000000000000000e+00 1.000000000000000000e+00 1.000000000000000000e+00 1.000000000000000000e+00 1.000000000000000000e+00 1.000000000000000000e+00 1.000000000000000000e+00
1.000000000000000000e+02 1.000000000000000000e+00 1.000000000000000000e+00 1.000000000000000000e+00 1.000000000000000000e+00 1.000000000000000000e+00 1.000000000000000000e+00 1.000000000000000000e+00 1.000000000000000000e+00 1.000000000000000000e+00 1.000000000000000000e+00 1.000000000000000000e+00 1.000000000000000000e+00 1.000000000000000000e+00 1.000000000000000000e+00 1.000000000000000000e+00 1.000000000000000000e+00 1.000000000000000000e+00 1.000000000000000000e+00
